"","Latitude","Biomass_C","Biomass_N","SOM_C","SOM_N","Available_N","CCaN_max","CCaN.MODIS_max","MODIS_max","CCaN_avg","CCaN.MODIS_avg","MODIS_avg","Tmax","Tavg","PARavg"
"2",65.434322,1077.71455132869,23.9391585360482,27385.7023777425,787.056791726494,0.00404973746149863,0.654768155676723,0.665564170079394,0.64985,0.574457066288393,0.566102098315524,0.59340990990991,16.31,12.0561385135135,31.1469956858628
"3",66.11707914,1368.52703278483,29.2933025730505,30476.2925779936,781.704677807883,0.00201961906409257,0.705956059814464,0.728958341837821,0.70861,0.62090688137681,0.623628336309924,0.607247162162162,19.352,14.5172150900901,30.295134913235
"4",67.25862109,1138.28591877177,24.9674134927829,28017.3408224804,786.028650322085,0.00393618512883803,0.662691724855808,0.675377193564924,0.66819,0.579133067422385,0.571893138679927,0.611972218468468,17.922,12.6773952702703,32.6284248612104
"5",68.323,689.613880183269,18.8138983223698,23136.0370274542,792.180245375369,0.00585630225068252,0.583472667185473,0.577267559402521,0.56894,0.499380349094003,0.473122587138958,0.451175036599099,13.753,9.82960135135137,33.6862929704424
"6",68.5164,804.194476922875,20.2032462220794,24444.6314087022,790.79303429008,0.00371948784096831,0.612378572876532,0.61306636736467,0.65888,0.522353230604097,0.50157358197395,0.517533192567568,15.334,10.7724448198198,33.8949560482411
"7",68.6138,743.881876247729,19.6748083134337,23749.9723366112,791.321348668161,0.00384301840431614,0.608997738531646,0.608879339261903,0.66837,0.510770389956751,0.487228697145838,0.553271807432432,15.634,10.4753164414415,34.0674758850884
"8",68.6312,785.376792925101,20.3377126501825,24191.584575417,790.658760126762,0.00352722305115149,0.616981072213977,0.618766378694122,0.67362,0.52040483615655,0.499160573386441,0.55255303490991,16.917,10.8145461711712,34.0657221826441
"9",68.6801,772.778736570051,19.9617815157111,24085.6912248772,791.034687370039,0.00353111425033205,0.613984134363778,0.615054791044165,0.61239,0.515356270928921,0.492908127294632,0.512582038288288,15.817,10.6821903153153,34.2313251182007
"10",68.17335,430.568542150108,15.5462077321353,20241.7793958874,795.444862770872,0.00892949699558606,0.530057460500736,0.511114962531741,0.60233,0.422716030527984,0.378176895167687,0.451315518018018,12.476,7.83975450450453,33.5461777447461
"11",68.77075,1013.02070677973,22.9325809488959,26771.6425214805,788.064710695377,0.00270835572660803,0.65186978501708,0.661974653952252,0.62124,0.557817315373055,0.545494432396913,0.541444943693694,18.038,12.2904988738739,34.4425672335198
"12",68.83125,981.110396627785,22.7577537363415,26407.0551131787,788.239862549333,0.00238371431988403,0.650787230674728,0.660633953701423,0.60611,0.55374731678543,0.540453901946083,0.503371216216216,19.071,12.1492308558559,34.4286604486042
"13",68.2694667,643.707066425483,18.1623799972374,22620.2705322424,792.831411760226,0.0062082425391566,0.5731139612272,0.564438716421438,0.65183,0.489183374851894,0.460494042419077,0.505144307432432,12.624,9.50098761261263,33.6555169678081
"14",68.3997167,801.109994698037,20.2149832859601,24403.6310074812,790.780902669547,0.00411404449609054,0.609565185060356,0.609582099089848,0.59353,0.52341813602991,0.502892424747603,0.495409515765766,15.345,10.7594560810811,33.7330114634503
"15",68.4546167,638.18107693147,18.4514344079629,22544.3503387343,792.5436603555,0.00490523653339372,0.577358279766631,0.569695135159781,0.58938,0.490800853987497,0.462497225629356,0.479148316441441,14.795,9.63083558558561,33.8130335185711
"16",68.5742167,816.412092778347,20.277538220603,24586.0989990522,790.718737701995,0.00372407739729286,0.618476809617961,0.62061878963946,0.60197,0.523136927335486,0.502544159027906,0.494864529842342,15.914,10.870963963964,33.9666295991764
"17",68.6879167,784.028275368641,20.0914832686252,24208.8720199646,790.904966785908,0.00354994545789571,0.615738065596025,0.617226964718053,0.62592,0.518121428376285,0.496332664186894,0.508542561936937,16.579,10.7395349099099,34.2517767702593
"18",68.9414667,934.471068706491,22.347052579443,25865.592414313,788.650559778146,0.00238764240800352,0.645389296102842,0.653948827651525,0.62789,0.546439421555814,0.531403366020013,0.535667471846847,18.461,11.8989087837838,34.4062972412108
"19",69.0247,911.905499073418,22.1478224031735,25607.7702718138,788.849623834207,0.00255376262262489,0.642972771815733,0.650956058982913,0.62682,0.542669500748689,0.526734469897221,0.541938564189189,18.811,11.7627567567568,34.4288505304587
"20",69.5054,768.718334794481,20.4153617146512,24004.3249075131,790.581767257917,0.0028710274361718,0.617059538735287,0.618863556342103,0.54347,0.513473783123765,0.490576741447458,0.449432269144144,17.482,10.6174673423424,34.4105200671378
"21",69.62595,735.957136203503,20.2694042571112,23607.4025872941,790.727475174098,0.00312056879990143,0.613886270996716,0.614933591178593,0.60542,0.506601397552138,0.482065566812421,0.471856373873874,17.242,10.3906891891892,34.4143438113982
"22",69.85355,648.544599595283,18.9972258051441,22625.9233861451,791.998600507439,0.00417368741975309,0.593546179489709,0.589743201450824,0.56858,0.48723066303602,0.45807568694359,0.454467820945946,15.771,9.65253603603606,34.2307030248745
"23",69.0541667,874.725347914046,21.5071121732061,25216.6498683867,789.490366214946,0.0025216118521958,0.635359778865672,0.64152767173398,0.64913,0.534758865813734,0.516937464955677,0.569176627252252,18.216,11.4611790540541,34.4472718634289
"24",69.0944167,879.062015098345,21.6231553459398,25256.6085569584,789.374459275421,0.00238537864532226,0.636581199699408,0.643040352579728,0.66544,0.536198747865278,0.518720701281232,0.578560298423423,18.371,11.57175,34.4071360901023
"25",69.2225833,881.093661988017,21.7994853078821,25258.9205230155,789.197971339354,0.00254335276583101,0.638599607108727,0.645540069419874,0.69672,0.537535781507951,0.520376563966337,0.588676365427928,18.164,11.6174268018018,34.3882789853676
"26",69.3168333,817.926091731267,20.9118504301288,24559.6673915321,790.085354161825,0.00279540805549156,0.626070356069618,0.630023093177979,0.6446,0.523452675313196,0.502935200268381,0.529404532657658,17.857,11.0558626126126,34.4375711904956
"27",69.4086833,795.127038002418,20.7537440583608,24288.127461334,790.243197165807,0.00305877583112708,0.623769505742277,0.62717358208158,0.68858,0.519449081736997,0.497976909768001,0.583156058558559,18.206,10.854820945946,34.4180692770464
"28",69.4546167,842.949262748342,21.5833390386599,24811.5920570896,789.413920993934,0.00273996740939953,0.631484364291709,0.636728125800709,0.60876,0.530121786895741,0.511194628198899,0.501060743243243,18.712,11.1585641891892,34.3878157957366
"29",69.7060833,691.610877228716,19.4972685611469,23113.6118237755,791.49921000421,0.00352143464265426,0.602911965195621,0.601342352416169,0.57237,0.495175350731121,0.467914864866464,0.450910191441441,16.909,9.94287725225228,34.3988231695424
"30",69.7703167,720.384725481911,20.0016378105771,23422.2245386122,790.994720348757,0.00364184066399706,0.608989878365357,0.60886960476036,0.62068,0.504290885150418,0.479204089623386,0.516450247747748,17.014,10.2059121621622,34.3279224389528
"31",69.9195333,614.690570000292,18.5556292248829,22240.8650805653,792.439862881953,0.00450789316839141,0.587784293851291,0.58260733656307,0.55943,0.476289464145511,0.44452544976565,0.438329301801802,15.394,9.37185585585588,34.2544532436849
"32",69.9886667,529.53185502578,17.4772738072924,21288.496046535,793.517347699779,0.0053784929262386,0.566261324209158,0.555951999580073,0.56593,0.452437724344846,0.414986024092117,0.431892167792793,15.145,8.57942173423426,34.2178176229058
"33",70.1300333,390.24399917297,15.6133579305529,19738.4255417416,795.37895860716,0.00768346227942716,0.521268041145212,0.500229618236699,0.52642,0.412114840019207,0.365047744770187,0.393102153716216,13.415,7.33709515765768,34.1250850747931
