	Latitude	Biomass_C	Biomass_N	SOM_C	SOM_N	Available_N	CCaN_NDVImax	CCaN_LAImax	MODIS_NDVImax	CCaN_NDVIavg	CCaN_LAIavg	CCaN_NDVI C.I. upper 	CCaN_NDVI C.I. lower 	MODIS_NDVIavg	MODIS_sd	Tmax	Tavg	PARavg
2	65.434322	355.8680864	7.513700897	24943.96633	807.5839284	0.001290661	0.613099299	1.132566534	0.64985	0.541201849	0.693049082	0.608615537	0.493708162	0.607109306	0.028910271	16.31	12.83739835	31.72705319
3	66.11707914	439.859346	9.409858964	25949.56504	805.688359	0.000702056	0.660215538	1.657160244	0.70861	0.575718956	0.939397787	0.641786536	0.513670521	0.632713984	0.060083631	19.352	15.48078846	30.92214589
4	67.25862109	379.1947737	7.892185812	25232.9761	807.2054821	0.001252124	0.622637347	1.223282165	0.66819	0.541346811	0.70980823	0.61081331	0.49449745	0.630338022	0.031612298	17.922	13.67656593	33.41186783
5	68.323	245.8387805	5.839388534	23542.23788	809.2579004	0.001631105	0.554363122	0.70468659	0.56894	0.483462678	0.428583345	0.512390483	0.368222651	0.480111566	0.068740019	13.753	10.79375275	34.59759155
6	68.5164	275.4874416	6.350342456	23936.2863	808.7474531	0.001124446	0.577923141	0.852418884	0.65888	0.50158728	0.50376402	0.551653433	0.427400893	0.553936264	0.092614726	15.334	11.88821978	34.8443642
7	68.6138	252.5772448	6.209525524	23591.20213	808.8882038	0.001190714	0.572900038	0.81852171	0.66837	0.490098174	0.469272341	0.557095424	0.434552482	0.586143942	0.074032537	15.634	11.79317582	35.05364929
8	68.6312	266.147311	6.433193909	23761.54809	808.6646221	0.001104004	0.58140511	0.876736455	0.67362	0.496894909	0.498531076	0.569983457	0.452258259	0.586771113	0.078772397	16.917	12.22483242	35.05282375
9	68.6801	261.4691486	6.308326726	23720.38755	808.7895008	0.001092499	0.577937621	0.852518597	0.61239	0.494639707	0.486307315	0.550886937	0.427930678	0.541836813	0.06882629	15.817	11.9905	35.25830247
10	68.17335	154.67196	4.772053981	22278.03236	810.324364	0.00250201	0.498310382	0.448066788	0.60233	0.422275304	0.265456542	0.567937083	0.449934226	0.47476419	0.056456254	12.476	8.987601648	34.43093055
11	68.77075	334.1466616	7.333760154	24698.38649	807.7642882	0.000871657	0.612225071	1.124596216	0.62124	0.528824273	0.644694919	0.56715976	0.450648126	0.567185934	0.049087132	18.038	13.59423626	35.50146167
12	68.83125	324.5768196	7.302661025	24558.95928	807.7954583	0.000800661	0.611932249	1.121939122	0.60611	0.525509198	0.632645497	0.560447814	0.4409595	0.540347995	0.067279791	19.071	13.56529945	35.49042802
13	68.2694667	229.9380058	5.617757886	23320.77697	809.479433	0.001729143	0.54331986	0.644543536	0.65183	0.473433323	0.394997516	0.566825781	0.447967633	0.538926813	0.074915144	12.624	10.34429945	34.55191704
14	68.3997167	276.0889438	6.342001897	23947.61043	808.7557078	0.001210319	0.576579434	0.843216029	0.59353	0.502108678	0.503203775	0.562793771	0.443368095	0.519414286	0.058486283	15.345	11.93434066	34.66089338
15	68.4546167	228.9021191	5.753386271	23290.54416	809.344142	0.001391694	0.549114336	0.675431592	0.58938	0.474636207	0.403578932	0.564396679	0.445347182	0.512433832	0.074960073	14.795	10.82014011	34.75098516
16	68.5742167	273.2876862	6.381709274	23891.40626	808.7160428	0.001167878	0.580765105	0.872215295	0.60197	0.501368298	0.507129817	0.592233512	0.47111211	0.523433571	0.068846958	15.914	11.91931868	34.93784123
17	68.6879167	265.3748875	6.346919634	23772.90943	808.7509002	0.001100173	0.580222528	0.868400655	0.62592	0.496484146	0.494017628	0.589404817	0.466736249	0.542222555	0.071496157	16.579	12.08766484	35.28268005
18	68.9414667	311.7635654	7.167040377	24374.20957	807.9310752	0.000804421	0.607689541	1.084137435	0.62789	0.519196297	0.605702523	0.584853008	0.462766121	0.566565646	0.056895698	18.461	13.51833791	35.46540762
19	69.0247	304.1645983	7.105256816	24264.96986	807.992811	0.000852227	0.605227322	1.062786403	0.62682	0.516200253	0.592207438	0.58195234	0.46003242	0.573758132	0.056838045	18.811	13.40092308	35.48191455
20	69.5054	260.5259	6.527786881	23671.70381	808.5701704	0.000962671	0.579492902	0.863297232	0.54347	0.4918273	0.48928623	0.57585555	0.454885814	0.475606429	0.056062367	17.482	12.32267857	35.46033
21	69.62595	250.6261769	6.480989569	23516.11978	808.6169223	0.001008116	0.577079975	0.846632489	0.60542	0.48629584	0.473172224	0.577597691	0.455551152	0.50831114	0.089637987	17.242	12.21838187	35.45703038
22	69.85355	224.2203233	6.016837594	23162.94321	809.0808141	0.001268282	0.558430113	0.728223151	0.56858	0.469361196	0.410619742	0.578744188	0.457293642	0.486603434	0.079416495	15.771	11.30172527	35.28537109
23	69.0541667	291.5525013	6.88556998	24109.23431	808.2124979	0.000852159	0.596737079	0.992336924	0.64913	0.510209285	0.560711957	0.570303909	0.449142891	0.595964245	0.049383355	18.216	13.10137088	35.49798191
24	69.0944167	294.3430645	6.930170939	24142.74859	808.167935	0.000814038	0.598786959	1.008906378	0.66544	0.510793997	0.566667604	0.567453779	0.446536036	0.61144419	0.05527374	18.371	13.23527473	35.46105534
25	69.2225833	293.2143481	6.988266537	24109.71575	808.1097906	0.000862908	0.60042632	1.022356444	0.69672	0.510769192	0.569265788	0.574328335	0.452613869	0.629129052	0.071127352	18.164	13.30624176	35.44177914
26	69.3168333	274.5897086	6.684408694	23864.36698	808.4135821	0.000929253	0.587864547	0.923700339	0.6446	0.49994431	0.521099637	0.563677119	0.441600402	0.571939973	0.077934779	17.857	12.69426923	35.48312496
27	69.4086833	267.9071042	6.63127586	23763.08267	808.4666286	0.001015552	0.586560839	0.914023211	0.68858	0.496299122	0.508737703	0.560469938	0.438305305	0.619804849	0.066944365	18.206	12.52018407	35.46602891
28	69.4546167	286.2425042	6.933890296	24010.11174	808.1641216	0.000908058	0.595296418	0.980854958	0.60876	0.506142484	0.548740207	0.554425875	0.431593887	0.53608103	0.072480369	18.712	12.84428571	35.44114895
29	69.7060833	239.4021467	6.19809272	23373.31235	808.8997222	0.001105081	0.568517243	0.790048536	0.57237	0.476447206	0.438602108	0.559255765	0.438108334	0.487319368	0.082737242	16.909	11.6530467	35.43686385
30	69.7703167	247.4042144	6.365491128	23472.5013	808.7323011	0.001127798	0.573819241	0.824622345	0.62068	0.483381622	0.460679971	0.549317104	0.426647967	0.549856621	0.067191635	17.014	12.02012912	35.37392928
31	69.9195333	214.179271	5.86644266	23021.93004	809.2311316	0.001345704	0.554225029	0.703900912	0.55943	0.460310593	0.387962235	0.544570327	0.419894324	0.46926294	0.088108591	15.394	11.13022253	35.30202922
32	69.9886667	188.5920035	5.498402491	22680.71992	809.5989679	0.001549597	0.534576244	0.600587782	0.56593	0.441943095	0.334101656	0.531868303	0.403813711	0.463415549	0.082286409	15.145	10.26458379	35.26602272
33	70.1300333	146.8779363	4.851107224	22138.27648	810.2457344	0.002078334	0.495635412	0.438488283	0.52642	0.409188689	0.25050123	0.512648928	0.363780654	0.429171223	0.103368296	13.415	8.919354396	35.18629093
