"","Latitude","Biomass_C","Biomass_N","SOM_C","SOM_N","Available_N","CCaN_max","CCaN.MODIS_max","MODIS_max","CCaN_avg","CCaN.MODIS_avg","MODIS_avg","MODIS_sd","Tmax","Tavg","PARavg"
"2",65.434322,351.860718892117,7.44656964142462,24887.4447337406,807.651055199913,0.00129515866432899,0.611714176685303,0.612243539257681,0.64985,0.539762411445941,0.523134156079341,0.607109306318681,0.0289102708257894,16.31,12.8373983516484,31.7270531940713
"3",66.11707914,436.416519306853,9.34791414196746,25902.1779493296,805.750302104463,0.000703753571513207,0.659255556936506,0.671121637043585,0.70861,0.574707334765175,0.566412045813279,0.632713983516484,0.0600836308799591,19.352,15.4807884615385,30.9221458944325
"4",67.25862109,375.178541663759,7.82507588043584,25176.7380038289,807.272588301853,0.00125581770951389,0.621341087197332,0.624166082850408,0.66819,0.53998790680505,0.523413423061782,0.630338021978022,0.0316122976142779,17.922,13.676565934066,33.4118678346285
"5",68.323,241.973609110712,5.77564311968331,23487.0044707821,809.321632271316,0.00164460899092383,0.552395416884127,0.538779627994316,0.56894,0.481469979353129,0.450941310629676,0.480111565934066,0.0687400186521028,13.753,10.7937527472528,34.5975915467726
"6",68.5164,271.586466089,6.28494477251873,23880.9826272917,808.812842386372,0.00113284110868543,0.576140783338997,0.568187314534014,0.65888,0.499789110011723,0.473628821185119,0.553936263736264,0.0926147259698775,15.334,11.8882197802198,34.8443642045379
"7",68.6138,248.856457710186,6.14463189804011,23538.8323472367,808.953088100334,0.00120000162475623,0.571014861302468,0.561839065128655,0.66837,0.488230255931571,0.459313642761013,0.586143942307692,0.0740325374975219,15.634,11.7931758241758,35.0536492944924
"8",68.6312,262.391433882273,6.36747125427183,23708.7537099611,808.730336857715,0.00111188800742617,0.57962508181869,0.572502478829175,0.67362,0.495100437765947,0.467822088155614,0.586771112637363,0.0787723971656017,16.917,12.2248324175824,35.0528237508668
"9",68.6801,257.701613292236,6.24311554318892,23667.3363696824,808.85470332078,0.00110113602356533,0.576103098667066,0.568140643575214,0.61239,0.492811961616235,0.464987901983243,0.541836813186813,0.0688262903764857,15.817,11.9905,35.2583024694093
"10",68.17335,151.44825897647,4.71503894579555,22232.1331340582,810.3813468819,0.002534172294447,0.49563425858379,0.46848320388568,0.60233,0.419652859646438,0.374383280557728,0.47476418956044,0.0564562542686455,12.476,8.98760164835167,34.4309305452808
"11",68.77075,330.201962218896,7.26666294648798,24643.1581013024,807.8313804665,0.00087658700817964,0.610762344638388,0.611064733340858,0.62124,0.52731758058354,0.50772173084949,0.567185934065934,0.0490871323397492,18.038,13.5942362637363,35.5014616723594
"12",68.83125,320.703966500171,7.23564777949029,24504.8874258772,807.862467007518,0.000805212987281067,0.610447160741678,0.610674390692139,0.60611,0.523987399664553,0.503597434988562,0.540347994505495,0.0672797906586532,19.071,13.5652994505495,35.4904280206653
"13",68.2694667,226.144911824799,5.55492623826436,23266.5485406043,809.542249451196,0.00174431053349958,0.541248855126108,0.524975057119479,0.65183,0.471343461424513,0.438400023235803,0.538926813186813,0.0749151440877591,12.624,10.3442994505495,34.5519170420025
"14",68.3997167,272.167352845906,6.27650279988725,23891.8522104615,808.821197770642,0.00121942947256197,0.5748211559562,0.566553008805516,0.59353,0.500304184719416,0.474266720607608,0.519414285714286,0.0584862832334496,15.345,11.9343406593407,34.6608933782374
"15",68.4546167,225.181425724028,5.69007004356303,23237.66608759,809.407445226661,0.00140472976553911,0.547047810431199,0.532156831306623,0.58938,0.472575946925147,0.439926407228917,0.512433832417582,0.0749600726833015,14.795,10.8201401098901,34.7509851591969
"16",68.5742167,269.444576096628,6.31621826085437,23837.0339891665,808.781525733874,0.00117600526842768,0.578988748965113,0.571714406043334,0.60197,0.499584309050828,0.473375183387088,0.523433571428571,0.0688469576815055,15.914,11.9193186813187,34.9378412295057
"17",68.6879167,261.587488089135,6.28157113470136,23719.5618487604,808.81624030858,0.00110855671313456,0.578422294488828,0.571012874832633,0.62592,0.494671710327858,0.467291126372639,0.542222554945055,0.071496156845751,16.579,12.0876648351649,35.282680047065
"18",68.9414667,307.937713032046,7.10013040245295,24320.8712856194,807.997980463501,0.000809134041959358,0.606161645218999,0.605366951137921,0.62789,0.517630967313073,0.495725247778548,0.566565645604396,0.0568956980979452,18.461,13.5183379120879,35.4654076185362
"19",69.0247,300.375966559865,7.03839706916358,24212.1711165034,808.059665656531,0.000857274301491515,0.603654177241142,0.602261552346065,0.62682,0.514613302391957,0.491987990480343,0.573758131868132,0.0568380454694807,18.811,13.4009230769231,35.481914546752
"20",69.5054,256.850836705496,6.46177249907699,23620.4791299528,808.636178128703,0.000969372214000813,0.57767022884072,0.570081471610078,0.54347,0.490036277648464,0.461550328416517,0.475606428571429,0.0560623667233556,17.482,12.3226785714286,35.4603299969835
"21",69.62595,247.036586076345,6.41513512084314,23466.1879814199,808.682769034611,0.00101584453863831,0.575230815918261,0.56706035628213,0.60542,0.484476700376999,0.454665014348898,0.50831114010989,0.089637986941146,17.242,12.2183818681319,35.4570303786241
"22",69.85355,220.694283827093,5.95245471949035,23113.7082182726,809.145185910308,0.00127937020019597,0.556402076080112,0.543741715142176,0.56858,0.467364438004901,0.433472161891549,0.486603434065934,0.0794164950799549,15.771,11.3017252747253,35.2853710874929
"23",69.0541667,287.765370940914,6.81898557080825,24056.3502647668,808.279076802194,0.000857626997456403,0.595077046272215,0.591639118726287,0.64913,0.508558484869643,0.484489341171657,0.595964244505494,0.0493833549564826,18.216,13.1013708791209,35.4979819111079
"24",69.0944167,290.55256766638,6.86351617295423,24089.8954420604,808.234584616758,0.00081921028749988,0.597149435247012,0.594205689576014,0.66544,0.509154494229246,0.485227474923152,0.61144418956044,0.0552737402289114,18.371,13.2352747252747,35.4610553395252
"25",69.2225833,289.46688901063,6.92141332756656,24057.4829912848,808.176638500535,0.000868171897161057,0.598807554944434,0.596259204496483,0.69672,0.509141716504857,0.485211650222605,0.629129052197802,0.0711273519314541,18.164,13.3062417582418,35.4417791352815
"26",69.3168333,270.861098823624,6.61808572937888,23812.3571941913,808.479898692981,0.000935577640198698,0.586118414218911,0.580544211273552,0.6446,0.498218710076579,0.47168394368144,0.571939972527473,0.0779347786814349,17.857,12.6942692307692,35.4831249623932
"27",69.4086833,264.220293656022,6.56507241748049,23711.7043346205,808.532825527115,0.00102205540422123,0.584793922381996,0.578903881113207,0.68858,0.494550361513225,0.467140840719669,0.619804848901099,0.0669443648592561,18.206,12.5201840659341,35.4660289110465
"28",69.4546167,282.513240834801,6.8671543958245,23958.253324835,808.230851969762,0.000913634407112617,0.593618268754259,0.589832481121399,0.60876,0.504485760174415,0.479445434545606,0.53608103021978,0.0724803691941402,18.712,12.8442857142857,35.441148951814
"29",69.7060833,235.790585034363,6.13312324582752,23323.0317271337,808.964682700935,0.0011140532356399,0.566572032228104,0.556336799033217,0.57237,0.47452914917664,0.442345370089301,0.487319368131868,0.0827372420534861,16.909,11.6530467032967,35.4368638517697
"30",69.7703167,243.79107927413,6.29990162974921,23422.1403319578,808.797881795435,0.00113657480895161,0.571939225468989,0.562983853174324,0.62068,0.481524641015864,0.451009006912507,0.549856620879121,0.0671916346946094,17.014,12.0201291208791,35.3739292774623
"31",69.9195333,210.698746320537,5.80274294940627,22973.4370600743,809.29481876592,0.00135828467066492,0.552134640499815,0.538456666873401,0.55943,0.458245724295568,0.422178999711089,0.46926293956044,0.0881085906017425,15.394,11.1302225274725,35.3020292154359
"32",69.9886667,185.235634625783,5.43660446717789,22633.9222074126,809.66074920671,0.00156632610379905,0.532284737797147,0.513873356372255,0.56593,0.439687632844523,0.399195545772628,0.463415549450549,0.0822864086388142,15.145,10.2645837912088,35.2660227156965
"33",70.1300333,143.749174158183,4.79379685782891,22094.431222506,810.303015230043,0.00210791212701327,0.492898875840239,0.465095541773102,0.52642,0.406503067454244,0.358097788919382,0.429171222527473,0.103368296043156,13.415,8.91935439560442,35.1862909334709
