"","Latitude","Biomass_C","Biomass_N","SOM_C","SOM_N","Available_N","CCaN_max","CCaN.MODIS_max","MODIS_max","CCaN_avg","CCaN.MODIS_avg","MODIS_avg","Tmax","Tavg","PARavg"
"2",65.434322,1081.54497638699,24.880255056954,28136.7640495738,786.119165383396,0.000579559651325989,0.660622534037514,0.6728145835041,0.64985,0.58002782568875,0.573001261002489,0.59340990990991,16.31,12.0561385135135,31.1469956858628
"3",66.11707914,1438.08711991585,31.7803619143447,32249.6322192492,779.219264396838,0.00037368881804536,0.717241556385108,0.742934977920701,0.70861,0.632221611559695,0.63764117705222,0.607247162162162,19.352,14.5172150900901,30.295134913235
"4",67.25862109,1154.68039965094,26.2084145429336,28965.1286876644,784.790990573591,0.000594883472721995,0.669804795160762,0.684186446614797,0.66819,0.586019470128346,0.580421672975152,0.611972218468468,17.922,12.6773952702703,32.6284248612104
"5",68.323,675.090249975855,18.9865786223956,23401.991223522,792.012735896947,0.00068548064721587,0.587906911946127,0.582759194168801,0.56894,0.501601809798148,0.475873777362614,0.451175036599099,13.753,9.82960135135137,33.6862929704424
"6",68.5164,809.838601429406,20.8425222722757,25050.6114896021,790.157069817958,0.000407909765070621,0.62005279678908,0.622570586711404,0.65888,0.527915422409793,0.508462134037632,0.517533192567568,15.334,10.7724448198198,33.8949560482411
"7",68.6138,755.44721017998,20.3144526893416,24391.1846094403,790.685117637817,0.000429672836789298,0.618211807979251,0.620290595709984,0.66837,0.516997572047931,0.49494081307848,0.553271807432432,15.634,10.4753164414415,34.0674758850884
"8",68.6312,798.450920039546,21.0794011008221,24879.1528260366,789.9201942323,0.000404666876368875,0.625647319173558,0.629499178903685,0.67362,0.526905409816783,0.507211273841694,0.55255303490991,16.917,10.8145461711712,34.0657221826441
"9",68.6801,786.723177642634,20.6788924568895,24777.8349277334,790.32072725946,0.00038028365209875,0.623263290019732,0.626546654157838,0.61239,0.521948806981956,0.501072719494874,0.512582038288288,15.817,10.6821903153153,34.2313251182007
"10",68.17335,412.807825505833,15.1978829498291,20291.965498519,795.801019966008,0.00109708416606598,0.532679733460336,0.514362542701287,0.60233,0.421916493610524,0.377186700676889,0.451315518018018,12.476,7.83975450450453,33.5461777447461
"11",68.77075,1050.93043308858,24.3571425404622,27929.848019112,786.642561250067,0.000296209473204688,0.662243762525069,0.674822410136796,0.62124,0.567114429696243,0.557008536601609,0.541444943693694,18.038,12.2904988738739,34.4425672335198
"12",68.83125,1025.16618312392,24.2545990845621,27623.9351473874,786.745135961168,0.000264954271579494,0.662012869480875,0.674536458337284,0.60611,0.563792386728023,0.552894319267187,0.503371216216216,19.071,12.1492308558559,34.4286604486042
"13",68.2694667,623.613861282814,18.1768942443963,22782.8813769612,792.822356751609,0.000749003994698854,0.57618003262378,0.568235923203247,0.65183,0.49011738212543,0.46165077306706,0.505144307432432,12.624,9.50098761261263,33.6555169678081
"14",68.3997167,801.35285879592,20.7888697861693,24934.3593792751,790.210686011103,0.000444202725539016,0.616040731708529,0.617601804591745,0.59353,0.528304245042286,0.508943675315069,0.495409515765766,15.345,10.7594560810811,33.7330114634503
"15",68.4546167,630.292972415896,18.66551776258,22859.2552507747,792.333942507241,0.000539730183334056,0.583554582382124,0.577369008096965,0.58938,0.493864965873716,0.466292005635962,0.479148316441441,14.795,9.63083558558561,33.8130335185711
"16",68.5742167,823.572870357323,20.9412092273168,25219.9467369261,790.058358721534,0.000432051148462465,0.626242076920939,0.630235762583506,0.60197,0.528837639759295,0.509604263336297,0.494864529842342,15.914,10.870963963964,33.9666295991764
"17",68.6879167,797.038745586782,20.8159799343796,24895.9984322132,790.183628741515,0.000391324112848667,0.624495536020496,0.628072741539944,0.62592,0.524613004066299,0.504372221015949,0.508542561936937,16.579,10.7395349099099,34.2517767702593
"18",68.9414667,976.126671897911,23.7579069854906,27022.5056809612,787.241820830232,0.00027218426794992,0.656560805309717,0.667784294943872,0.62789,0.556372541837912,0.54370513816458,0.535667471846847,18.461,11.8989087837838,34.4062972412108
"19",69.0247,953.252527220837,23.5267874437775,26744.5567052459,787.472911435743,0.000301120477180957,0.654636735607336,0.665401411580261,0.62682,0.552597266510432,0.539029610682509,0.541938564189189,18.811,11.7627567567568,34.4288505304587
"20",69.5054,797.362024552313,21.3897312299698,24876.9523022793,789.609918864364,0.000349905659615867,0.629102639478954,0.633778454889105,0.54347,0.522059517280044,0.501209829770643,0.449432269144144,17.482,10.6174673423424,34.4105200671378
"21",69.62595,763.681577677651,21.196390748444,24444.0856234074,789.803255328558,0.000353922997141047,0.626255106288634,0.630251898934222,0.60542,0.515132280732397,0.492630724395844,0.471856373873874,17.242,10.3906891891892,34.4143438113982
"22",69.85355,659.979756314359,19.5120516379493,23194.8905708846,791.487471054202,0.000477307851248257,0.603982900645501,0.602668663133427,0.56858,0.493311392708042,0.465606427413202,0.454467820945946,15.771,9.65253603603606,34.2307030248745
"23",69.0541667,911.205265786581,22.739956564045,26266.7961715968,788.25975152793,0.000291908025742387,0.64701348794242,0.655960324277169,0.64913,0.54417093822074,0.528593940148858,0.569176627252252,18.216,11.4611790540541,34.4472718634289
"24",69.0944167,917.363529671909,22.9025402803988,26332.6559516063,788.097188779627,0.000270939978014192,0.648212731556846,0.657445539523891,0.66544,0.545859876229799,0.530685622315557,0.578560298423423,18.371,11.57175,34.4071360901023
"25",69.2225833,917.680122454462,23.07275936182,26311.7618555142,787.926938550571,0.000302087607930491,0.649918803750385,0.659558441692702,0.69672,0.546979641970595,0.532072407394903,0.588676365427928,18.164,11.6174268018018,34.3882789853676
"26",69.3168333,848.236559246587,21.9769731976382,25489.3087385382,789.022699614184,0.000327188174042264,0.637618990492477,0.644325614965312,0.6446,0.532173956054885,0.513736157615733,0.529404532657658,17.857,11.0558626126126,34.4375711904956
"27",69.4086833,824.275551742782,21.7696119696527,25187.2829716408,789.230009323748,0.000378706604384182,0.635284647853634,0.641434624980811,0.68858,0.528048057106255,0.508626396803813,0.583156058558559,18.206,10.854820945946,34.4180692770464
"28",69.4546167,883.925307427146,22.870770932759,25893.6464969675,788.128900857051,0.000328210195337966,0.644463131791464,0.652801810198456,0.60876,0.540148059064633,0.523611765229185,0.501060743243243,18.712,11.1585641891892,34.3878157957366
"29",69.7060833,710.931059124285,20.1925135555965,23815.2939692905,790.807081211832,0.000405232583114811,0.614066417681665,0.615156695642035,0.57237,0.502463619572188,0.476941094295372,0.450910191441441,16.909,9.94287725225228,34.3988231695424
"30",69.7703167,740.418044914354,20.772622126841,24151.4196793026,790.226960120036,0.00041775312725928,0.619958061352473,0.622453260662584,0.62068,0.511716845444668,0.488400844409403,0.516450247747748,17.014,10.2059121621622,34.3279224389528
"31",69.9195333,623.95019044654,18.9690453399459,22759.8696115249,792.030447404618,0.000507255436876966,0.59764102947672,0.594814509365738,0.55943,0.481928612164965,0.451509309021823,0.438329301801802,15.394,9.37185585585588,34.2544532436849
"32",69.9886667,532.793422933273,17.6490102057259,21671.7243198893,793.350385038828,0.000604755440434855,0.575767955259722,0.567725581870955,0.56593,0.456773403426717,0.420355589207852,0.431892167792793,15.145,8.57942173423426,34.2178176229058
"33",70.1300333,382.681251294935,15.3670342078498,19890.7421423579,795.632093272531,0.000872519613753286,0.527897159835606,0.508439516570004,0.52642,0.413186579000957,0.366375050629525,0.393102153716216,13.415,7.33709515765768,34.1250850747931
