"","Latitude","Biomass_C","Biomass_N","SOM_C","SOM_N","Available_N","CCaN_max","CCaN.MODIS_max","MODIS_max","CCaN_avg","CCaN.MODIS_avg","MODIS_avg","Tmax","Tavg","PARavg"
"2",65.434322,351.860718892117,7.44656964142462,24887.4447337406,807.651055199913,0.00129515866432899,0.611714176685303,0.612243539257681,0.64985,0.523165925425702,0.502580072002715,0.59340990990991,16.31,12.0561385135135,31.1469956858628
"3",66.11707914,436.416519306853,9.34791414196746,25902.1779493296,805.750302104463,0.000703753571513207,0.659255556936506,0.671121637043585,0.70861,0.564874443164146,0.554234402881069,0.607247162162162,19.352,14.5172150900901,30.295134913235
"4",67.25862109,375.178541663759,7.82507588043584,25176.7380038289,807.272588301853,0.00125581770951389,0.621341087197332,0.624166082850408,0.66819,0.528072523194396,0.508656697075332,0.611972218468468,17.922,12.6773952702703,32.6284248612104
"5",68.323,241.973609110712,5.77564311968331,23487.0044707821,809.321632271316,0.00164460899092383,0.552395416884127,0.538779627994316,0.56894,0.458897397356085,0.422986070729617,0.451175036599099,13.753,9.82960135135137,33.6862929704424
"6",68.5164,271.586466089,6.28494477251873,23880.9826272917,808.812842386372,0.00113284110868543,0.576140783338997,0.568187314534014,0.65888,0.475759607174601,0.443869243101457,0.517533192567568,15.334,10.7724448198198,33.8949560482411
"7",68.6138,248.856457710186,6.14463189804011,23538.8323472367,808.953088100334,0.00120000162475623,0.571014861302468,0.561839065128655,0.66837,0.46198260314249,0.426806974687848,0.553271807432432,15.634,10.4753164414415,34.0674758850884
"8",68.6312,262.391433882273,6.36747125427183,23708.7537099611,808.730336857715,0.00111188800742617,0.57962508181869,0.572502478829175,0.67362,0.471137146231886,0.438144510122342,0.55255303490991,16.917,10.8145461711712,34.0657221826441
"9",68.6801,257.701613292236,6.24311554318892,23667.3363696824,808.85470332078,0.00110113602356533,0.576103098667066,0.568140643575214,0.61239,0.466204866318259,0.432036078740511,0.512582038288288,15.817,10.6821903153153,34.2313251182007
"10",68.17335,151.44825897647,4.71503894579555,22232.1331340582,810.3813468819,0.002534172294447,0.49563425858379,0.46848320388568,0.60233,0.383772472340993,0.332046913888368,0.451315518018018,12.476,7.83975450450453,33.5461777447461
"11",68.77075,330.201962218896,7.26666294648798,24643.1581013024,807.8313804665,0.00087658700817964,0.610762344638388,0.611064733340858,0.62124,0.505093955483721,0.480198660108369,0.541444943693694,18.038,12.2904988738739,34.4425672335198
"12",68.83125,320.703966500171,7.23564777949029,24504.8874258772,807.862467007518,0.000805212987281067,0.610447160741678,0.610674390692139,0.60611,0.500981404091037,0.475105429710585,0.503371216216216,19.071,12.1492308558559,34.4286604486042
"13",68.2694667,226.144911824799,5.55492623826436,23266.5485406043,809.542249451196,0.00174431053349958,0.541248855126108,0.524975057119479,0.65183,0.44893693978619,0.410650442447604,0.505144307432432,12.624,9.50098761261263,33.6555169678081
"14",68.3997167,272.167352845906,6.27650279988725,23891.8522104615,808.821197770642,0.00121942947256197,0.5748211559562,0.566553008805516,0.59353,0.478158155135131,0.446839748808654,0.495409515765766,15.345,10.7594560810811,33.7330114634503
"15",68.4546167,225.181425724028,5.69007004356303,23237.66608759,809.407445226661,0.00140472976553911,0.547047810431199,0.532156831306623,0.58938,0.450298415292696,0.412336575403393,0.479148316441441,14.795,9.63083558558561,33.8130335185711
"16",68.5742167,269.444576096628,6.31621826085437,23837.0339891665,808.781525733874,0.00117600526842768,0.578988748965113,0.571714406043334,0.60197,0.473414654486482,0.440965112995328,0.494864529842342,15.914,10.870963963964,33.9666295991764
"17",68.6879167,261.587488089135,6.28157113470136,23719.5618487604,808.81624030858,0.00110855671313456,0.578422294488828,0.571012874832633,0.62592,0.469027980648777,0.435532392914285,0.508542561936937,16.579,10.7395349099099,34.2517767702593
"18",68.9414667,307.937713032046,7.10013040245295,24320.8712856194,807.997980463501,0.000809134041959358,0.606161645218999,0.605366951137921,0.62789,0.494389301261432,0.466941374040233,0.535667471846847,18.461,11.8989087837838,34.4062972412108
"19",69.0247,300.375966559865,7.03839706916358,24212.1711165034,808.059665656531,0.000857274301491515,0.603654177241142,0.602261552346065,0.62682,0.490547536613509,0.462183502194366,0.541938564189189,18.811,11.7627567567568,34.4288505304587
"20",69.5054,256.850836705496,6.46177249907699,23620.4791299528,808.636178128703,0.000969372214000813,0.57767022884072,0.570081471610078,0.54347,0.463175113771769,0.428283851401785,0.449432269144144,17.482,10.6174673423424,34.4105200671378
"21",69.62595,247.036586076345,6.41513512084314,23466.1879814199,808.682769034611,0.00101584453863831,0.575230815918261,0.56706035628213,0.60542,0.456643855462794,0.420654667528969,0.471856373873874,17.242,10.3906891891892,34.4143438113982
"22",69.85355,220.694283827093,5.95245471949035,23113.7082182726,809.145185910308,0.00127937020019597,0.556402076080112,0.543741715142176,0.56858,0.439398803667062,0.399546322524916,0.454467820945946,15.771,9.65253603603606,34.2307030248745
"23",69.0541667,287.765370940914,6.81898557080825,24056.3502647668,808.279076802194,0.000857626997456403,0.595077046272215,0.591639118726287,0.64913,0.482841631505488,0.452640046954286,0.569176627252252,18.216,11.4611790540541,34.4472718634289
"24",69.0944167,290.55256766638,6.86351617295423,24089.8954420604,808.234584616758,0.00081921028749988,0.597149435247012,0.594205689576014,0.66544,0.484518855465971,0.454717221740387,0.578560298423423,18.371,11.57175,34.4071360901023
"25",69.2225833,289.46688901063,6.92141332756656,24057.4829912848,808.176638500535,0.000868171897161057,0.598807554944434,0.596259204496483,0.69672,0.485118658110543,0.455460053323583,0.588676365427928,18.164,11.6174268018018,34.3882789853676
"26",69.3168333,270.861098823624,6.61808572937888,23812.3571941913,808.479898692981,0.000935577640198698,0.586118414218911,0.580544211273552,0.6446,0.472077673330764,0.439309315313217,0.529404532657658,17.857,11.0558626126126,34.4375711904956
"27",69.4086833,264.220293656022,6.56507241748049,23711.7043346205,808.532825527115,0.00102205540422123,0.584793922381996,0.578903881113207,0.68858,0.468345084745456,0.434686653653858,0.583156058558559,18.206,10.854820945946,34.4180692770464
"28",69.4546167,282.513240834801,6.8671543958245,23958.253324835,808.230851969762,0.000913634407112617,0.593618268754259,0.589832481121399,0.60876,0.479825628849827,0.448904848305357,0.501060743243243,18.712,11.1585641891892,34.3878157957366
"29",69.7060833,235.790585034363,6.13312324582752,23323.0317271337,808.964682700935,0.0011140532356399,0.566572032228104,0.556336799033217,0.57237,0.446810302663498,0.408636965257742,0.450910191441441,16.909,9.94287725225228,34.3988231695424
"30",69.7703167,243.79107927413,6.29990162974921,23422.1403319578,808.797881795435,0.00113657480895161,0.571939225468989,0.562983853174324,0.62068,0.455397628954012,0.418651747554385,0.516450247747748,17.014,10.2059121621622,34.3279224389528
"31",69.9195333,210.698746320537,5.80274294940627,22973.4370600743,809.29481876592,0.00135828467066492,0.552134640499815,0.538456666873401,0.55943,0.429075443386212,0.38827173843251,0.438329301801802,15.394,9.37185585585588,34.2544532436849
"32",69.9886667,185.235634625783,5.43660446717789,22633.9222074126,809.66074920671,0.00156632610379905,0.532284737797147,0.513873356372255,0.56593,0.408713729209709,0.364636989819336,0.431892167792793,15.145,8.57942173423426,34.2178176229058
"33",70.1300333,143.749174158183,4.79379685782891,22094.431222506,810.303015230043,0.00210791212701327,0.492898875840239,0.465095541773102,0.52642,0.375895324356834,0.323604487416324,0.393102153716216,13.415,7.33709515765768,34.1250850747931
