"","Latitude","Biomass_C","Biomass_N","SOM_C","SOM_N","Available_N","CCaN_max","CCaN.MODIS_max","MODIS_max","CCaN_avg","CCaN.MODIS_avg","MODIS_avg","Tmax","Tavg","PARavg"
"2",65.434322,816.021230531421,21.1472725815958,27321.6816079685,789.848611770884,0.00411564751871832,0.650888638617434,0.660759543382147,0.64985,0.569158914692314,0.559540549489843,0.59340990990991,16.31,12.0561385135135,31.1469956858628
"3",66.11707914,1017.88429433419,25.6151600653128,30098.0600530755,785.382705453138,0.00213448154442464,0.699761284386835,0.72128636026172,0.70861,0.613006456431591,0.613843976032268,0.607247162162162,19.352,14.5172150900901,30.295134913235
"4",67.25862109,860.064601222539,22.0155499192438,27916.1075271333,788.980432319003,0.0040177617605835,0.658651126388535,0.670373073987145,0.66819,0.573386320097903,0.564776021988449,0.611972218468468,17.922,12.6773952702703,32.6284248612104
"5",68.323,535.704688910942,16.7204682565588,23323.4892759981,794.273844648292,0.00568709514910973,0.583948266841497,0.57785657055252,0.56894,0.497565634386358,0.470875135562129,0.451175036599099,13.753,9.82960135135137,33.6862929704424
"6",68.5164,615.488942372071,17.8677591817987,24512.3981461448,793.128527811452,0.00371300674533663,0.610947465425313,0.611293998030633,0.65888,0.518364707713334,0.496633955914656,0.517533192567568,15.334,10.7724448198198,33.8949560482411
"7",68.6138,569.694833061371,17.3947595767732,23812.397607383,793.601392988665,0.00384743456096895,0.607789616524706,0.607383128481187,0.66837,0.506534658536908,0.481982913211619,0.553271807432432,15.634,10.4753164414415,34.0674758850884
"8",68.6312,599.871020725357,17.9735099542847,24231.1725286188,793.022946191002,0.0035438547116925,0.615388700891091,0.61679429050558,0.67362,0.51581789009781,0.493479824170534,0.55255303490991,16.917,10.8145461711712,34.0657221826441
"9",68.6801,590.501179526457,17.6367700589525,24130.8346088617,793.359699826724,0.00353011431053448,0.612533527126044,0.61325827200452,0.61239,0.510861668701913,0.487341742220571,0.512582038288288,15.817,10.6821903153153,34.2313251182007
"10",68.17335,341.156192972271,13.8787114173376,20465.7081774932,797.112780010523,0.00850857214562046,0.532336117150274,0.513936987645928,0.60233,0.423531518023979,0.379186843811977,0.451315518018018,12.476,7.83975450450453,33.5461777447461
"11",68.77075,762.416405921297,20.160977673396,26645.8590876512,790.836250818227,0.00277150837611034,0.647938482734402,0.657105893327247,0.62124,0.551407636110711,0.537556301017671,0.541444943693694,18.038,12.2904988738739,34.4425672335198
"12",68.83125,738.558328799126,19.9867326013195,26287.360208902,791.010798938987,0.00246845970119127,0.647046776476214,0.656001550794732,0.60611,0.547218395935135,0.532368094629828,0.503371216216216,19.071,12.1492308558559,34.4286604486042
"13",68.2694667,502.161074878315,16.173844160068,22827.76649925,794.820161407241,0.00599443269147583,0.573885047211881,0.565393675570027,0.65183,0.487909369183339,0.458916237358798,0.505144307432432,12.624,9.50098761261263,33.6555169678081
"14",68.3997167,613.939051073509,17.8946753780159,24484.4146958849,793.101248212654,0.00407640932140737,0.608303405495765,0.608019435570285,0.59353,0.519762198250039,0.498364692044743,0.495409515765766,15.345,10.7594560810811,33.7330114634503
"15",68.4546167,496.385164047978,16.3853422075604,22723.9451054711,794.609870932135,0.00478686030693666,0.578225215405319,0.570768800270872,0.58938,0.488959860385253,0.460217228692721,0.479148316441441,14.795,9.63083558558561,33.8130335185711
"16",68.5742167,622.707011922382,17.9324904264098,24617.9588225679,793.063762518713,0.00374705487358492,0.616528781689781,0.618206234971526,0.60197,0.518639518683785,0.496974298309121,0.494864529842342,15.914,10.870963963964,33.9666295991764
"17",68.6879167,598.914107391962,17.7514708945118,24251.6118243318,793.244972929614,0.00355617587754338,0.614217066468939,0.615343268139122,0.62592,0.513615531848761,0.490752291573417,0.508542561936937,16.579,10.7395349099099,34.2517767702593
"18",68.9414667,705.3475417816,19.6344527093477,25781.3320923499,791.363079588449,0.00246770220004319,0.642033666353165,0.649793014431741,0.62789,0.540157553477478,0.523623523679717,0.535667471846847,18.461,11.8989087837838,34.4062972412108
"19",69.0247,688.840174238937,19.46321572502,25532.4712639366,791.534152162988,0.00263211199208866,0.639937165406671,0.647196581869545,0.62682,0.53644014990175,0.519019668047322,0.541938564189189,18.811,11.7627567567568,34.4288505304587
"20",69.5054,585.646391281861,17.9990364851483,24013.826553602,792.998017532695,0.00294598216358633,0.615170488291506,0.616524042929498,0.54347,0.508210838510847,0.484058795062143,0.449432269144144,17.482,10.6174673423424,34.4105200671378
"21",69.62595,561.875618844324,17.8749473427429,23632.6486459346,793.121893590604,0.00315906664824171,0.612339627891537,0.613018135558553,0.60542,0.501533870579737,0.475789637358181,0.471856373873874,17.242,10.3906891891892,34.4143438113982
"22",69.85355,499.701546866714,16.8215128254359,22719.6934865692,794.174357575113,0.00412959944453668,0.592992671346038,0.589057703755214,0.56858,0.483435772148727,0.453375866375313,0.454467820945946,15.771,9.65253603603606,34.2307030248745
"23",69.0541667,661.865917202283,18.9196505092904,25162.3958585676,792.077749557767,0.002599932939457,0.632538976742341,0.63803422113632,0.64913,0.528784846920648,0.509538881517345,0.569176627252252,18.216,11.4611790540541,34.4472718634289
"24",69.0944167,665.176099434646,19.0134057301061,25201.6293384327,791.984127431003,0.0024668388825496,0.633751422621889,0.639535786860305,0.66544,0.530166781143304,0.511250351774736,0.578560298423423,18.371,11.57175,34.4071360901023
"25",69.2225833,666.148762757787,19.1769944519133,25192.7385423937,791.820376946285,0.00262860179954214,0.635687740106506,0.641933838612304,0.69672,0.531414626281856,0.512795758065027,0.588676365427928,18.164,11.6174268018018,34.3882789853676
"26",69.3168333,621.297911012918,18.4240801435588,24542.9169490844,792.573056385413,0.00286347103376636,0.623788785608955,0.627197459425266,0.6446,0.517871182773983,0.496022745018266,0.529404532657658,17.857,11.0558626126126,34.4375711904956
"27",69.4086833,605.02990915589,18.2923551873142,24287.436363328,792.704508809779,0.00313600291304695,0.621843774518129,0.624788640989722,0.68858,0.514028315388313,0.49126350747581,0.583156058558559,18.206,10.854820945946,34.4180692770464
"28",69.4546167,639.783844851233,18.9781207885136,24786.7295207154,792.019058742892,0.00282046858804916,0.629364666981461,0.63410296546986,0.60876,0.524311620172192,0.503998969118452,0.501060743243243,18.712,11.1585641891892,34.3878157957366
"29",69.7060833,531.571914455735,17.229043920442,23193.6603663542,793.76742556703,0.00353051253140035,0.602221661627944,0.600487439059743,0.57237,0.4908693615542,0.462582069510414,0.450910191441441,16.909,9.94287725225228,34.3988231695424
"30",69.7703167,551.945768340441,17.6690750246973,23478.757368946,793.32728201187,0.00364296342902589,0.607909551770035,0.607531663485117,0.62068,0.499718119860778,0.473540902722779,0.516450247747748,17.014,10.2059121621622,34.3279224389528
"31",69.9195333,475.438826221808,16.4432619193626,22356.7427339115,794.552307191907,0.00443088873632848,0.587821736370973,0.582653707625995,0.55943,0.472818973348177,0.440227385732783,0.438329301801802,15.394,9.37185585585588,34.2544532436849
"32",69.9886667,413.161707683745,15.5201641897379,21445.3789115465,795.474628127635,0.00520768262780613,0.567162073153482,0.557067541117661,0.56593,0.45017843049594,0.412187979032002,0.431892167792793,15.145,8.57942173423426,34.2178176229058
"33",70.1300333,310.331313418833,13.9117189570177,19954.0620429373,797.08098449298,0.00729655000340118,0.524183500571669,0.503840298117989,0.52642,0.412551271010104,0.365588247095173,0.393102153716216,13.415,7.33709515765768,34.1250850747931
