"","Latitude","Biomass_C","Biomass_N","SOM_C","SOM_N","Available_N","CCaN_max","CCaN.MODIS_max","MODIS_max","CCaN_avg","CCaN.MODIS_avg","MODIS_avg","Tmax","Tavg","PARavg"
"2",65.434322,675.541974613447,1.88846829887984,9492.47783320404,276.980979827605,0.00469245463758182,0.54321023523706,0.527404147931689,0.64985,0.428876035712683,0.385805815188729,0.59340990990991,16.31,12.0561385135135,31.1469956858628
"3",66.11707914,735.032066285195,1.97982490757867,9016.61396881963,277.226068120562,0.00319373337449365,0.58516666796048,0.579365511602336,0.70861,0.459115213414647,0.423255827205504,0.607247162162162,19.352,14.5172150900901,30.295134913235
"4",67.25862109,677.159650704949,1.98824592509906,9420.44359702809,276.586946664849,0.00478781854063905,0.562638381554602,0.551465130020112,0.66819,0.441613136355965,0.401580204851408,0.611972218468468,17.922,12.6773952702703,32.6284248612104
"5",68.323,593.221798344571,1.75260348214934,9805.69675800937,277.29009638739,0.00545744779198249,0.478141919755082,0.446819641939879,0.56894,0.352203513772655,0.290849963666882,0.451175036599099,13.753,9.82960135135137,33.6862929704424
"6",68.5164,608.941304866053,1.6835061776372,9683.48401849301,277.388271307278,0.00446024480629273,0.484103104610298,0.45420233093567,0.65888,0.338176248903099,0.273477757216532,0.517533192567568,15.334,10.7724448198198,33.8949560482411
"7",68.6138,631.806405186518,1.55474646284798,9647.84865006472,276.961633544063,0.00404650650332646,0.443581387581576,0.404017805264279,0.66837,0.245782410537608,0.159051684154406,0.553271807432432,15.634,10.4753164414415,34.0674758850884
"8",68.6312,631.948289308539,1.58654938760509,9604.08880856085,276.684488343553,0.00392738579240248,0.459967326048615,0.424311134618167,0.67362,0.257175830943989,0.173161979590893,0.55255303490991,16.917,10.8145461711712,34.0657221826441
"9",68.6801,626.964247401288,1.5616738837205,9642.34346218858,277.073838659527,0.00402749005582405,0.453483122909188,0.416280708398113,0.61239,0.253518808060483,0.168632903030586,0.512582038288288,15.817,10.6821903153153,34.2313251182007
"10",68.17335,650.251613477102,1.80912163639371,9913.6680918704,276.465168733967,0.00446410333619043,0.418287421034476,0.372692239454357,0.60233,0.271946884520463,0.191455338603213,0.451315518018018,12.476,7.83975450450453,33.5461777447461
"11",68.77075,610.906963927316,1.77567950247395,9450.63865716931,276.426318147771,0.00419568875372811,0.526689261407636,0.506943582682901,0.62124,0.382533742522761,0.328412738764739,0.541444943693694,18.038,12.2904988738739,34.4425672335198
"12",68.83125,611.008191276994,1.67173540215272,9432.58223713083,276.210934838116,0.00370524255030733,0.510397126281493,0.486766425014578,0.60611,0.341318370431303,0.277369149044352,0.503371216216216,19.071,12.1492308558559,34.4286604486042
"13",68.2694667,598.204752078603,1.7202742464232,9860.40132167523,277.544537139654,0.00528179616379807,0.458367647942756,0.422329997271185,0.65183,0.329535659072265,0.262776732334638,0.505144307432432,12.624,9.50098761261263,33.6555169678081
"14",68.3997167,599.981288108765,1.78116620959096,9686.11211560158,277.438269130431,0.00493243269712677,0.502544751676534,0.47704157316132,0.59353,0.373743676178215,0.317526593199672,0.495409515765766,15.345,10.7594560810811,33.7330114634503
"15",68.4546167,603.75786498201,1.66723348562937,9781.17235674958,277.410721282189,0.00459224428426675,0.449953378201497,0.411909260767426,0.58938,0.290484735128335,0.214413725067038,0.479148316441441,14.795,9.63083558558561,33.8130335185711
"16",68.5742167,623.040907158149,1.61068515060026,9653.75957075996,277.004785885215,0.00425135534197563,0.469937609255884,0.436658931559042,0.60197,0.29567958264881,0.220847335927245,0.494864529842342,15.914,10.870963963964,33.9666295991764
"17",68.6879167,623.217900695162,1.5682991355887,9632.21590227262,276.896473286673,0.00410693021511459,0.460325121339951,0.424754249774676,0.62592,0.256450971090612,0.17226426965688,0.508542561936937,16.579,10.7395349099099,34.2517767702593
"18",68.9414667,620.428199803081,1.59986043215807,9450.82942677651,276.296257858175,0.00347465283329636,0.492358982109347,0.464426904983142,0.62789,0.27427407299025,0.194337468435505,0.535667471846847,18.461,11.8989087837838,34.4062972412108
"19",69.0247,623.688056946298,1.57702301380069,9449.27806054919,276.304229784054,0.00362394924897294,0.483837413137335,0.453873282674063,0.62682,0.274820724202227,0.19501447409549,0.541938564189189,18.811,11.7627567567568,34.4288505304587
"20",69.5054,625.124837535015,1.5561330992033,9544.00035557186,276.523300851888,0.00354691264524932,0.438870673271096,0.398183774019321,0.54347,0.230753283852267,0.140438711919679,0.449432269144144,17.482,10.6174673423424,34.4105200671378
"21",69.62595,643.855235101904,1.56115029436312,9531.72501366169,276.594450946896,0.00352269712430616,0.434168559789166,0.392360394556491,0.60542,0.217368505066753,0.123862198784971,0.471856373873874,17.242,10.3906891891892,34.4143438113982
"22",69.85355,654.893798672586,1.62932343214032,9641.51666601058,276.871224145017,0.00382617311165603,0.426184091522647,0.382471949987138,0.56858,0.22170241210046,0.129229569289936,0.454467820945946,15.771,9.65253603603606,34.2307030248745
"23",69.0541667,616.334802600992,1.56603427532545,9491.24803338177,276.323944862854,0.00350528094799171,0.470115035811092,0.436878667250604,0.64913,0.266309108734851,0.184473178803763,0.569176627252252,18.216,11.4611790540541,34.4472718634289
"24",69.0944167,614.440164371444,1.56035257995463,9476.08143542996,276.230028949945,0.00336624337206615,0.472505059954791,0.43983861655161,0.66544,0.268352108597999,0.187003352414278,0.578560298423423,18.371,11.57175,34.4071360901023
"25",69.2225833,625.389815425361,1.57323877427253,9455.62250276841,276.361939442369,0.00348063563184612,0.475428367004538,0.443459015400441,0.69672,0.266617923210222,0.184855633178931,0.588676365427928,18.164,11.6174268018018,34.3882789853676
"26",69.3168333,624.378004254153,1.55032623331305,9518.45993984144,276.39728828263,0.0035451727669569,0.452774343383188,0.415402913306343,0.6446,0.244107425596938,0.156977282304784,0.529404532657658,17.857,11.0558626126126,34.4375711904956
"27",69.4086833,634.756759989467,1.5395676786778,9519.16086594763,276.036212827496,0.00352375614303399,0.446361549153722,0.407460924164918,0.68858,0.23145468083024,0.141307364021019,0.583156058558559,18.206,10.854820945946,34.4180692770464
"28",69.4546167,626.260051368548,1.55859690796984,9474.26257944733,276.109854243788,0.00354558245049469,0.462212672287797,0.427091906121546,0.60876,0.248778382711918,0.162762075853402,0.501060743243243,18.712,11.1585641891892,34.3878157957366
"29",69.7060833,649.752223380963,1.57540671660542,9618.29204565826,276.604869974889,0.00357173532460287,0.428578181315835,0.385436934432409,0.57237,0.213954336574627,0.119633887674212,0.450910191441441,16.909,9.94287725225228,34.3988231695424
"30",69.7703167,647.448246542409,1.58306330877787,9571.33558781934,276.439857899999,0.00372949105673875,0.435879868654154,0.394479782133424,0.62068,0.224658170930873,0.132890158371048,0.516450247747748,17.014,10.2059121621622,34.3279224389528
"31",69.9195333,666.175007378724,1.66989985604654,9665.40954343796,276.721453442481,0.00376322056182054,0.431108010164234,0.388570026267997,0.55943,0.221021704042066,0.128386539587937,0.438329301801802,15.394,9.37185585585588,34.2544532436849
"32",69.9886667,667.902194784792,1.77504341432404,9727.17169082689,276.517388943815,0.00374453866803497,0.434009694539303,0.392163646299145,0.56593,0.212707835544849,0.118090146008873,0.431892167792793,15.145,8.57942173423426,34.2178176229058
"33",70.1300333,658.589418441516,1.96550286025614,9851.66599228993,276.400604650989,0.00385281114112996,0.445061245576501,0.405850550196674,0.52642,0.289432997970626,0.213111190666702,0.393102153716216,13.415,7.33709515765768,34.1250850747931
