"","Latitude","Biomass_C","Biomass_N","SOM_C","SOM_N","Available_N","CCaN_max","CCaN.MODIS_max","MODIS_max","CCaN_avg","CCaN.MODIS_avg","MODIS_avg","MODIS_sd","Tmax","Tavg","PARavg"
"2",65.434322,355.86808641916,7.51370089705841,24943.966325427,807.583928441736,0.00129066119648664,0.613099298528234,0.613958957255276,0.64985,0.541201849081344,0.524916842013281,0.607109306318681,0.0289102708257894,16.31,12.8373983516484,31.7270531940713
"3",66.11707914,439.859345954527,9.40985896424283,25949.5650408726,805.688358979743,0.000702056005645729,0.660215537713853,0.672310534837098,0.70861,0.575718956498076,0.567664898864608,0.632713983516484,0.0600836308799591,19.352,15.4807884615385,30.9221458944325
"4",67.25862109,379.194773669357,7.89218581242077,25232.9761039998,807.205482063178,0.00125212439473819,0.622637347311169,0.625771449150991,0.66819,0.541346810562113,0.525096371008754,0.630338021978022,0.0316122976142779,17.922,13.676565934066,33.4118678346285
"5",68.323,245.838780488064,5.83938853424497,23542.2378842212,809.257900360868,0.00163110488179376,0.554363122070261,0.541216552159135,0.56894,0.483462677876923,0.453409188043454,0.480111565934066,0.0687400186521028,13.753,10.7937527472528,34.5975915467726
"6",68.5164,275.487441630005,6.35034245641728,23936.2863017746,808.747453097693,0.00112444588837958,0.577923141331101,0.570394693612916,0.65888,0.501587280150617,0.475855782975333,0.553936263736264,0.0926147259698775,15.334,11.8882197802198,34.8443642045379
"7",68.6138,252.57724482686,6.20952552406126,23591.2021288676,808.888203761829,0.00119071411005571,0.57290003819023,0.564173781297072,0.66837,0.490098173796977,0.461626984320605,0.586143942307692,0.0740325374975219,15.634,11.7931758241758,35.0536492944924
"8",68.6312,266.147311047467,6.43319390917586,23761.5480899971,808.664622086821,0.00110400399899724,0.5814051097681,0.574706972243402,0.67362,0.496894909337347,0.470044469417931,0.586771112637363,0.0787723971656017,16.917,12.2248324175824,35.0528237508668
"9",68.6801,261.469148631659,6.3083267260941,23720.3875467482,808.789500774678,0.00109249921903384,0.577937620801546,0.570412625857882,0.61239,0.494639707134894,0.46725149169828,0.541836813186813,0.0688262903764857,15.817,11.9905,35.2583024694093
"10",68.17335,154.671960002706,4.77205398061547,22278.032359602,810.324364009714,0.00250200966748169,0.498310382249324,0.471797476000498,0.60233,0.422275304211565,0.377631073253855,0.47476418956044,0.0564562542686455,12.476,8.98760164835167,34.4309305452808
"11",68.77075,334.146661626276,7.33376015397504,24698.3864854557,807.76428818893,0.000871657093775025,0.612225070826415,0.612876261215682,0.62124,0.528824272724674,0.509587708798599,0.567185934065934,0.0490871323397492,18.038,13.5942362637363,35.5014616723594
"12",68.83125,324.576819618483,7.30266102496903,24558.9592760384,807.795458314285,0.000800660743453582,0.61193224862104,0.612513612627213,0.60611,0.52550919778863,0.505482121093307,0.540347994505495,0.0672797906586532,19.071,13.5652994505495,35.4904280206653
"13",68.2694667,229.938005834006,5.61775788626819,23320.7769650561,809.479432970942,0.00172914278579434,0.543319860365813,0.527539914268644,0.65183,0.473433322952622,0.440988233143904,0.538926813186813,0.0749151440877591,12.624,10.3442994505495,34.5519170420025
"14",68.3997167,276.088943756937,6.34200189731325,23947.6104283255,808.755707783927,0.00121031875399667,0.576579434493299,0.568730566442571,0.59353,0.502108678113396,0.476501513496317,0.519414285714286,0.0584862832334496,15.345,11.9343406593407,34.6608933782374
"15",68.4546167,228.902119118222,5.7533862711518,23290.5441645506,809.344142034451,0.00139169439859088,0.549114335935613,0.53471614048282,0.58938,0.474636206893372,0.442477956789165,0.512433832417582,0.0749600726833015,14.795,10.8201401098901,34.7509851591969
"16",68.5742167,273.287686194277,6.38170927357783,23891.4062550579,808.716042848722,0.00116787769599923,0.580765105250842,0.573914352248958,0.60197,0.501368297699197,0.475584581968548,0.523433571428571,0.0688469576815055,15.914,11.9193186813187,34.9378412295057
"17",68.6879167,265.3748875384,6.34691963448618,23772.9094304628,808.750900192294,0.00110017321235462,0.580222528288061,0.573242392383631,0.62592,0.496484145682638,0.46953575506212,0.542222554945055,0.071496156845751,16.579,12.0876648351649,35.282680047065
"18",68.9414667,311.763565433724,7.16704037711174,24374.2095746254,807.931075201521,0.000804421357881523,0.607689540744765,0.607259188630761,0.62789,0.519196296823953,0.497663845764593,0.566565645604396,0.0568956980979452,18.461,13.5183379120879,35.4654076185362
"19",69.0247,304.164598301825,7.10525681594832,24264.9698566334,807.99281095737,0.000852226679694092,0.605227322395684,0.604209829694159,0.62682,0.516200252537349,0.493953364757405,0.573758131868132,0.0568380454694807,18.811,13.4009230769231,35.481914546752
"20",69.5054,260.525900021411,6.52778688149959,23671.7038101636,808.570170447243,0.000962671250828278,0.57949290156069,0.572338778866852,0.54347,0.491827299641072,0.463768437513482,0.475606428571429,0.0560623667233556,17.482,12.3226785714286,35.4603299969835
"21",69.62595,250.626176880469,6.48098956861317,23516.1197783604,808.616922315061,0.00100811631701342,0.577079974973875,0.569350465806146,0.60542,0.486295840458448,0.456917946574169,0.50831114010989,0.089637986941146,17.242,12.2183818681319,35.4570303786241
"22",69.85355,224.220323342265,6.01683759384054,23162.9432084987,809.080814123985,0.00126828216716082,0.558430113499114,0.546253358364113,0.56858,0.469361196498487,0.435945067415516,0.486603434065934,0.0794164950799549,15.771,11.3017252747253,35.2853710874929
"23",69.0541667,291.552501276491,6.88556997957891,24109.234314761,808.212497861355,0.000852159070401793,0.596737079494082,0.59369500347024,0.64913,0.510209285303572,0.486533791477062,0.595964244505494,0.0493833549564826,18.216,13.1013708791209,35.4979819111079
"24",69.0944167,294.343064481834,6.93017093933358,24142.7485859036,808.167935022269,0.000814038388791915,0.598786958515676,0.596233696643323,0.66544,0.510793996636294,0.487257933074185,0.61144418956044,0.0552737402289114,18.371,13.2352747252747,35.4610553395252
"25",69.2225833,293.214348069719,6.9882665365993,24109.7157516356,808.109790554914,0.000862908483108022,0.600426319849507,0.598263980080821,0.69672,0.510769192343105,0.487227213949242,0.629129052197802,0.0711273519314541,18.164,13.3062417582418,35.4417791352815
"26",69.3168333,274.589708623983,6.68440869365061,23864.3669789023,808.413582053352,0.000929252990766718,0.587864546888882,0.582706726740005,0.6446,0.499944309746935,0.473821029849189,0.571939972527473,0.0779347786814349,17.857,12.6942692307692,35.4831249623932
"27",69.4086833,267.907104189241,6.63127585996371,23763.0826676424,808.466628587622,0.00101555241159077,0.586560838827911,0.581092136454814,0.68858,0.496299122013389,0.469306610648702,0.619804848901099,0.0669443648592561,18.206,12.5201840659341,35.4660289110465
"28",69.4546167,286.242504189745,6.93389029621724,24010.111738871,808.164121645742,0.000908058036984963,0.595296418333183,0.591910802248914,0.60876,0.506142483797259,0.481497220483554,0.53608103021978,0.0724803691941402,18.712,12.8442857142857,35.441148951814
"29",69.7060833,239.402146735244,6.19809271963889,23373.3123543987,808.899722198909,0.00110508144709309,0.568517242530237,0.558745864183997,0.57237,0.476447206324375,0.444720807144486,0.487319368131868,0.0827372420534861,16.909,11.6530467032967,35.4368638517697
"30",69.7703167,247.404214449791,6.3654911283952,23472.5012952771,808.732301073878,0.00112779772545368,0.573819241150292,0.56531217739499,0.62068,0.483381622477126,0.453308804173022,0.549856620879121,0.0671916346946094,17.014,12.0201291208791,35.3739292774623
"31",69.9195333,214.179270954527,5.86644265983464,23021.9300389225,809.23113163586,0.00134570429554833,0.554225029299582,0.54104552978636,0.55943,0.460310592752673,0.424736256700475,0.46926293956044,0.0881085906017425,15.394,11.1302225274725,35.3020292154359
"32",69.9886667,188.592003491642,5.49840249069478,22680.7199247379,809.598967912545,0.00154959675179403,0.534576243910741,0.516711295033697,0.56593,0.441943094819286,0.401988845209893,0.463415549450549,0.0822864086388142,15.145,10.2645837912088,35.2660227156965
"33",70.1300333,146.877936287341,4.85110722380737,22138.2764845053,810.245734442681,0.00207833350508063,0.495635412181809,0.468484632570683,0.52642,0.409188688681287,0.361423823384226,0.429171222527473,0.103368296043156,13.415,8.91935439560442,35.1862909334709
