"","Latitude","Biomass_C","Biomass_N","SOM_C","SOM_N","Available_N","CCaN_max","CCaN.MODIS_max","MODIS_max","CCaN_avg","CCaN.MODIS_avg","MODIS_avg","Tmax","Tavg","PARavg"
"2",65.434322,1932.96189742615,32.0252188336751,31008.3597659586,778.973525186856,0.00125597946702158,0.689750530139266,0.708888441556275,0.64985,0.611506920597304,0.611986860882937,0.59340990990991,16.31,12.0561385135135,31.1469956858628
"3",66.11707914,2449.04491603819,39.5529846791709,35026.2542609492,771.446388292238,0.000627028587785104,0.74063415961539,0.771905781317275,0.70861,0.658214482882734,0.669832308470951,0.607247162162162,19.352,14.5172150900901,30.295134913235
"4",67.25862109,2040.85231980895,33.4553607848056,31834.9398770939,777.543387930377,0.0012512848213891,0.697351155667487,0.718301512247956,0.66819,0.616373605042089,0.618014054900425,0.611972218468468,17.922,12.6773952702703,32.6284248612104
"5",68.323,1268.02498548533,24.9503651786711,25725.8409039865,786.048082428622,0.0015523927114467,0.622345902146174,0.625410505971951,0.56894,0.538647537050418,0.521753428735461,0.451175036599099,13.753,9.82960135135137,33.6862929704424
"6",68.5164,1471.50336546915,26.9263516208288,27411.5327872016,784.072661211366,0.000987167806012188,0.650584724836535,0.660383158321055,0.65888,0.561253242329539,0.549749690495441,0.517533192567568,15.334,10.7724448198198,33.8949560482411
"7",68.6138,1369.88608800616,26.190572314726,26573.5499760107,784.808396422686,0.00103126258052422,0.64851743615909,0.657822903985586,0.66837,0.550430658637205,0.536346353495832,0.553271807432432,15.634,10.4753164414415,34.0674758850884
"8",68.6312,1440.74027979931,27.0998915506809,27122.86335452,783.899143439628,0.000965009690179171,0.655359260684876,0.666296229987791,0.67362,0.559782658300946,0.547928430999389,0.55255303490991,16.917,10.8145461711712,34.0657221826441
"9",68.6801,1420.59026954387,26.5996116343668,26997.9986121839,784.399462229916,0.000926135716955461,0.652997827217016,0.663371689095186,0.61239,0.554833520755881,0.541799122115328,0.512582038288288,15.817,10.6821903153153,34.2313251182007
"10",68.17335,819.338083749795,20.3769927517132,22098.3428216536,790.620694285627,0.00231296265954712,0.574500945932395,0.566156441499434,0.60233,0.46539647969871,0.431034924247665,0.451315518018018,12.476,7.83975450450453,33.5461777447461
"11",68.77075,1840.31449567777,30.7623883408083,30396.0346395434,780.236871722845,0.000739936346425964,0.688489614479632,0.707326847948445,0.62124,0.596363926001902,0.593232867796316,0.541444943693694,18.038,12.2904988738739,34.4425672335198
"12",68.83125,1787.98880466862,30.533416678238,29969.154437887,780.4659140608,0.000669260957518205,0.68772927389466,0.706385196547581,0.60611,0.592661500981774,0.588647562505887,0.503371216216216,19.071,12.1492308558559,34.4286604486042
"13",68.2694667,1186.92288702103,24.0336566241638,25065.8030483894,786.964689329547,0.00165404628785996,0.612514456583463,0.613234653900356,0.65183,0.528783048960676,0.509536654815839,0.505144307432432,12.624,9.50098761261263,33.6555169678081
"14",68.3997167,1464.97045142129,26.9268389923927,27345.6388408834,784.072083648592,0.00107735901505927,0.647162058673311,0.656144323184549,0.59353,0.562215493292643,0.550941399823207,0.495409515765766,15.345,10.7594560810811,33.7330114634503
"15",68.4546167,1182.30620930183,24.4453094657841,25016.3241752617,786.553423459389,0.00126707481811467,0.617702009262606,0.619659230391367,0.58938,0.53098163477358,0.512259515401688,0.479148316441441,14.795,9.63083558558561,33.8130335185711
"16",68.5742167,1492.68872977283,27.030132157678,27590.6379741354,783.968845626162,0.00102221615903748,0.656591373494215,0.667822152417645,0.60197,0.561966992964839,0.550633642107235,0.494864529842342,15.914,10.870963963964,33.9666295991764
"17",68.6879167,1439.1171890225,26.7784037990777,27144.3935614171,784.220652290864,0.000943910059852475,0.654195114677947,0.664854481724051,0.62592,0.557475683711672,0.545071335249557,0.508542561936937,16.579,10.7395349099099,34.2517767702593
"18",68.9414667,1706.27732657744,29.9537069212001,29289.2928907286,781.045616051377,0.000677027422156293,0.682571329258836,0.699997288433898,0.62789,0.585592008455342,0.579892278791603,0.535667471846847,18.461,11.8989087837838,34.4062972412108
"19",69.0247,1667.97172335246,29.6721651215551,28973.3118691728,781.327109207428,0.000725671014670881,0.680714258903845,0.697697381082056,0.62682,0.581966280851028,0.575401960182764,0.541938564189189,18.811,11.7627567567568,34.4288505304587
"20",69.5054,1420.25804488569,27.2243557464436,26959.6399471134,783.774818270858,0.000825982702933419,0.657434051607303,0.66886577555358,0.54347,0.553702991171093,0.540399006445752,0.449432269144144,17.482,10.6174673423424,34.4105200671378
"21",69.62595,1362.87994637983,27.0013917961339,26461.8649861556,783.997757097902,0.000851105957712643,0.654683922321265,0.665459850437994,0.60542,0.547102060036007,0.532224017272194,0.471856373873874,17.242,10.3906891891892,34.4143438113982
"22",69.85355,1205.85952239911,25.1943976311453,25181.2775177282,785.804493345347,0.00110902351035852,0.635176720572264,0.641300961359926,0.56858,0.528095034085596,0.508684575913647,0.454467820945946,15.771,9.65253603603606,34.2307030248745
"23",69.0541667,1603.97644776714,28.7804867686826,28479.874721044,782.218801191358,0.000712039955208953,0.673922849008446,0.689286491582999,0.64913,0.574203468034721,0.565788027022281,0.569176627252252,18.216,11.4611790540541,34.4472718634289
"24",69.0944167,1611.0698591803,28.9453174520521,28529.408101714,782.054006064304,0.000676483643584512,0.674854977047609,0.690440894874381,0.66544,0.575683962676459,0.567621560416287,0.578560298423423,18.371,11.57175,34.4071360901023
"25",69.2225833,1613.82200360426,29.1730269330013,28527.9451823775,781.826243448985,0.000729618014232834,0.676635129698531,0.692645542726443,0.69672,0.576970018588481,0.569214289221091,0.588676365427928,18.164,11.6174268018018,34.3882789853676
"26",69.3168333,1504.19456284222,27.9277496280055,27646.8415810835,783.071463963939,0.000786408054362415,0.665428509272228,0.678766591593283,0.6446,0.563223306726827,0.552189536448906,0.529404532657658,17.857,11.0558626126126,34.4375711904956
"27",69.4086833,1464.25369104074,27.6949345122815,27306.210452221,783.304175125656,0.000890362065308191,0.663181552309776,0.675983825273565,0.68858,0.559367845595241,0.547414702055882,0.583156058558559,18.206,10.854820945946,34.4180692770464
"28",69.4546167,1551.19887733558,28.865740407771,28000.0983108878,782.133470004681,0.00078958755389008,0.670840939869836,0.685469670391197,0.60876,0.570017305873422,0.560603632631998,0.501060743243243,18.712,11.1585641891892,34.3878157957366
"29",69.7060833,1282.47629530145,25.9153072297846,25813.8025895802,785.083733401799,0.000959368411075481,0.64379082267803,0.651969182253833,0.57237,0.535851752013756,0.518290960798956,0.450910191441441,16.909,9.94287725225228,34.3988231695424
"30",69.7703167,1332.16528574676,26.6102778237058,26200.4823813392,784.3887390845,0.000983091805010539,0.649362269538076,0.658869196332125,0.62068,0.544652407988495,0.529190221197432,0.516450247747748,17.014,10.2059121621622,34.3279224389528
"31",69.9195333,1145.70319384107,24.5705224200793,24688.5627144111,786.428298733192,0.00117884673846216,0.629445437865145,0.634202996978467,0.55943,0.517500702951272,0.495563920577032,0.438329301801802,15.394,9.37185585585588,34.2544532436849
"32",69.9886667,997.157471883203,23.0446588324737,23480.9778306661,787.953964604075,0.00137656344868656,0.609822237839702,0.609900448674957,0.56593,0.494309546743536,0.466842601259999,0.431892167792793,15.145,8.57942173423426,34.2178176229058
"33",70.1300333,752.406445960428,20.3970412799502,21499.4548815614,790.601051431072,0.00190728897112733,0.568247562063184,0.55841187571277,0.52642,0.456897124119777,0.420508812337379,0.393102153716216,13.415,7.33709515765768,34.1250850747931
