"","Latitude","Biomass_C","Biomass_N","SOM_C","SOM_N","Available_N","CCaN_max","CCaN.MODIS_max","MODIS_max","CCaN_avg","CCaN.MODIS_avg","MODIS_avg","Tmax","Tavg","PARavg"
"2",65.434322,446.40809735208,7.09490483267884,25434.3579956462,862.826685523092,0.0116800316428134,0.698946418104158,0.720277180965275,0.64985,0.616590843174181,0.618283095637496,0.59340990990991,16.31,12.0561385135135,31.1469956858628
"3",66.11707914,501.95688690568,7.82509887269329,26036.4068507958,862.324318997076,0.00714997122637406,0.732622653820833,0.761983851850949,0.70861,0.643209064949578,0.651248698577454,0.607247162162162,19.352,14.5172150900901,30.295134913235
"4",67.25862109,462.578250268238,7.24011096160203,25648.3253463646,862.485686790324,0.0113658537247259,0.704988818166901,0.72776045174698,0.66819,0.618091001279987,0.620140981445213,0.611972218468468,17.922,12.6773952702703,32.6284248612104
"5",68.323,327.767676527553,6.05230325824438,23780.8916504026,863.980899907309,0.0160783793257268,0.644833613991459,0.653260637583862,0.56894,0.560250692304058,0.548508072390884,0.451175036599099,13.753,9.82960135135137,33.6862929704424
"6",68.5164,345.934476046041,6.19788702101885,24044.8000597441,863.857725170703,0.0123896280967635,0.659730797914632,0.671710203985354,0.65888,0.569428873974861,0.559874883262906,0.517533192567568,15.334,10.7724448198198,33.8949560482411
"7",68.6138,316.562682675074,6.03955801392657,23503.1201275512,863.644840920652,0.0130620743548374,0.653674982587721,0.664210318935589,0.66837,0.555263501888144,0.542331636548391,0.553271807432432,15.634,10.4753164414415,34.0674758850884
"8",68.6312,330.456253423396,6.16991092935474,23696.2737395743,863.351515052889,0.0123940957221302,0.660163958159475,0.672246655622184,0.67362,0.563056891905974,0.551983438349873,0.55255303490991,16.917,10.8145461711712,34.0657221826441
"9",68.6801,323.905462959809,6.08220360006557,23638.328620459,863.681991787132,0.0126746350069243,0.657063515531187,0.668406881444754,0.61239,0.558172744592023,0.545934617267437,0.512582038288288,15.817,10.6821903153153,34.2313251182007
"10",68.17335,225.264033617421,5.38265088096586,22041.552681175,864.130432124388,0.0232633104467924,0.603324793457875,0.60185362370584,0.60233,0.495614164227749,0.468458317829498,0.451315518018018,12.476,7.83975450450453,33.5461777447461
"11",68.77075,390.091874497044,6.55018587442198,24687.0318983074,862.927633938857,0.01015241272302,0.683482406984354,0.701125621753843,0.62124,0.58866776899164,0.583701485185387,0.541444943693694,18.038,12.2904988738739,34.4425672335198
"12",68.83125,373.596074146092,6.44908674176383,24407.8997558625,862.816489107932,0.00918447218464626,0.680184836952045,0.69704171317163,0.60611,0.582413790192527,0.575956182601837,0.503371216216216,19.071,12.1492308558559,34.4286604486042
"13",68.2694667,314.645626171483,5.96285780804083,23566.5494767783,864.217657881213,0.0167230989026852,0.638337499594052,0.64521545974725,0.65183,0.55406730463785,0.540850194101792,0.505144307432432,12.624,9.50098761261263,33.6555169678081
"14",68.3997167,352.502183586049,6.23677671906245,24168.6963955024,863.916724397301,0.0132540654448982,0.66011000656912,0.672179838735593,0.59353,0.573250912854103,0.564608325533292,0.495409515765766,15.345,10.7594560810811,33.7330114634503
"15",68.4546167,303.426131792187,5.92068802557104,23350.5835304462,864.136827923163,0.0146920593271334,0.637443418238751,0.644108175751964,0.58938,0.550392779599447,0.536299441822731,0.479148316441441,14.795,9.63083558558561,33.8130335185711
"16",68.5742167,343.499271416973,6.20268319214115,23966.4149671963,863.548487186321,0.0124878823066092,0.662902954582304,0.675638793132001,0.60197,0.567419483798715,0.557386333905357,0.494864529842342,15.914,10.870963963964,33.9666295991764
"17",68.6879167,328.652711437686,6.10791014075642,23713.7744498535,863.542633888129,0.0125522061031951,0.659016865431826,0.670826027162699,0.62592,0.560932284843489,0.549352197487267,0.508542561936937,16.579,10.7395349099099,34.2517767702593
"18",68.9414667,359.833301195251,6.37828769566128,24162.2388112293,862.895969243929,0.00931502251772473,0.676047353186952,0.691917605027912,0.62789,0.576312708595273,0.568400237086901,0.535667471846847,18.461,11.8989087837838,34.4062972412108
"19",69.0247,352.803200364388,6.34203247241896,24039.5347971344,862.921831751093,0.00989694122923359,0.673745875391875,0.689067316837821,0.62682,0.572818383947,0.564072655783001,0.541938564189189,18.811,11.7627567567568,34.4288505304587
"20",69.5054,312.44495249608,6.05728087952564,23405.831017153,863.337674376028,0.0108753202712292,0.653527423585599,0.664027573013821,0.54347,0.54977359702179,0.535532608967606,0.449432269144144,17.482,10.6174673423424,34.4105200671378
"21",69.62595,304.189864770939,6.04683472754019,23225.854228301,863.397974137876,0.0117837601708236,0.65197016370027,0.662098968936236,0.60542,0.54435694117461,0.528824297367107,0.471856373873874,17.242,10.3906891891892,34.4143438113982
"22",69.85355,285.623266089301,5.9184974300011,22927.5849088206,863.753643565587,0.0146181712621997,0.640953332184595,0.648455063777333,0.56858,0.534344110498935,0.516423807088511,0.454467820945946,15.771,9.65253603603606,34.2307030248745
"23",69.0541667,341.190837080843,6.22959458260024,23886.9812031037,863.040106458229,0.0097985719272702,0.667254408174236,0.681027894347464,0.64913,0.566426513782281,0.556156580258804,0.569176627252252,18.216,11.4611790540541,34.4472718634289
"24",69.0944167,341.866387798102,6.23168088529141,23892.4743422854,862.97196606565,0.00936156457627547,0.667887027304002,0.681811367834915,0.66544,0.567049500967062,0.556928124967667,0.578560298423423,18.371,11.57175,34.4071360901023
"25",69.2225833,344.699489963954,6.2940756729187,23903.5149862753,863.005786422741,0.00975380585183031,0.670480415472415,0.685023175345968,0.69672,0.568780309143045,0.559071661661296,0.588676365427928,18.164,11.6174268018018,34.3882789853676
"26",69.3168333,327.537814014913,6.15217321431068,23644.7313515531,863.155204278075,0.0105723000902168,0.660996354388626,0.673277545056138,0.6446,0.558154281208218,0.545911751105129,0.529404532657658,17.857,11.0558626126126,34.4375711904956
"27",69.4086833,320.189941501817,6.12982477062246,23494.6769460324,862.929070863513,0.0111505407492807,0.659546250977704,0.671481649985847,0.68858,0.554858231162029,0.541829724964927,0.583156058558559,18.206,10.854820945946,34.4180692770464
"28",69.4546167,332.512945554411,6.22866230747455,23695.1816529109,862.892839070422,0.0103397782368764,0.663928000961123,0.676908272070313,0.60876,0.562158860191837,0.550871261993183,0.501060743243243,18.712,11.1585641891892,34.3878157957366
"29",69.7060833,294.099340328636,5.95237190537714,23072.0913637597,863.507901421012,0.0128022914968354,0.645994387693292,0.654698209382635,0.57237,0.537879991340537,0.520802854075602,0.450910191441441,16.909,9.94287725225228,34.3988231695424
"30",69.7703167,304.562899948358,6.05572198527038,23219.5841901556,863.299507762573,0.0130473853813109,0.65086497960294,0.660730242639057,0.62068,0.545743423097073,0.5305413997688,0.516450247747748,17.014,10.2059121621622,34.3279224389528
"31",69.9195333,274.155356594983,5.84086390240482,22726.869077184,863.75760901821,0.0154480921076609,0.637102368025917,0.643685798705377,0.55943,0.52515639446152,0.505045188284814,0.438329301801802,15.394,9.37185585585588,34.2544532436849
"32",69.9886667,248.545891651703,5.65751929666435,22317.9001770198,863.872433897331,0.0180080705471526,0.622340331399034,0.625403606824447,0.56593,0.507695682470188,0.483420794912029,0.431892167792793,15.145,8.57942173423426,34.2178176229058
"33",70.1300333,205.87145600383,5.33286458213738,21661.5957875194,864.238426123085,0.0258595097007719,0.593331432483406,0.589477245873399,0.52642,0.484024719681111,0.454105254336268,0.393102153716216,13.415,7.33709515765768,34.1250850747931
