"","Latitude","Biomass_C","Biomass_N","SOM_C","SOM_N","Available_N","CCaN_max","CCaN.MODIS_max","MODIS_max","CCaN_avg","CCaN.MODIS_avg","MODIS_avg","Tmax","Tavg","PARavg"
"2",65.434322,471.340220285053,7.26365863270809,25392.5202955232,862.653797874588,0.0158138801239602,0.694869987747084,0.715228685025253,0.64985,0.616277010290227,0.617894426164035,0.59340990990991,16.31,12.0561385135135,31.1469956858628
"3",66.11707914,527.493210461741,8.0283618283873,25931.0518178078,862.118824219692,0.00938179292399149,0.727027840452289,0.755054899286542,0.70861,0.642353821935065,0.650189514313701,0.607247162162162,19.352,14.5172150900901,30.295134913235
"4",67.25862109,488.302665961337,7.40891964999254,25603.3107360953,862.312953626795,0.0152903288735363,0.700426510863984,0.72211021664461,0.66819,0.617944888870317,0.619960027070333,0.611972218468468,17.922,12.6773952702703,32.6284248612104
"5",68.323,350.951775209508,6.22609044304942,23846.4192458693,863.794141996818,0.0290491050131531,0.642793329804908,0.650733827230187,0.56894,0.561276213310861,0.549778139136969,0.451175036599099,13.753,9.82960135135137,33.6862929704424
"6",68.5164,368.360246240528,6.38344396592825,24069.7694589499,863.662887723557,0.0216701303287179,0.656872371644662,0.668170157387048,0.65888,0.57006514407726,0.560662878333923,0.517533192567568,15.334,10.7724448198198,33.8949560482411
"7",68.6138,338.492618599546,6.22542430773638,23547.1095696495,863.435753606196,0.036283095011873,0.651560183225483,0.661591224517432,0.66837,0.556769307666857,0.544196516773096,0.553271807432432,15.634,10.4753164414415,34.0674758850884
"8",68.6312,352.593762917909,6.35772816999234,23729.3081896819,863.145065715715,0.0310261922602414,0.65723408194996,0.668618121131747,0.67362,0.564426701180775,0.553679892344343,0.55255303490991,16.917,10.8145461711712,34.0657221826441
"9",68.6801,345.831719077009,6.27074838476854,23673.8806260114,863.474228017506,0.031893619928325,0.654468574687024,0.665193151006892,0.61239,0.559445165459445,0.547510459614904,0.512582038288288,15.817,10.6821903153153,34.2313251182007
"10",68.17335,248.192438792178,5.46069518372054,22205.8655483109,863.901809980538,0.173841151535379,0.606558059499765,0.605857894368078,0.60233,0.500078048430579,0.473986659859335,0.451315518018018,12.476,7.83975450450453,33.5461777447461
"11",68.77075,412.194685730042,6.74303530945286,24651.6669251492,862.729593071843,0.015343844699681,0.678998381267753,0.695572335264861,0.62124,0.588839461647687,0.583914119672194,0.541444943693694,18.038,12.2904988738739,34.4425672335198
"12",68.83125,395.335257004985,6.64929446401726,24382.0309386219,862.609714817159,0.0157510407052841,0.675687574478321,0.691472033488421,0.60611,0.582879433347381,0.576532863023397,0.503371216216216,19.071,12.1492308558559,34.4286604486042
"13",68.2694667,337.859975158841,6.13309982505906,23648.0058014335,864.029315017151,0.0348239459490805,0.637112973372706,0.643698933003161,0.65183,0.555492696562005,0.54261548498418,0.505144307432432,12.624,9.50098761261263,33.6555169678081
"14",68.3997167,375.754361526226,6.41719565925909,24204.3069393769,863.728074971371,0.0214845511830616,0.656937601909217,0.668250942460489,0.59353,0.573900419550315,0.565412713596283,0.495409515765766,15.345,10.7594560810811,33.7330114634503
"15",68.4546167,326.5675678006,6.09538506594324,23439.1503699016,863.935598698971,0.0412242431517694,0.636150494171523,0.642506941011665,0.58938,0.552311978123215,0.538676292426477,0.479148316441441,14.795,9.63083558558561,33.8130335185711
"16",68.5742167,365.625971963065,6.38856601349288,23986.2891260256,863.352007703235,0.0230845440405072,0.660105239938263,0.672173935453941,0.60197,0.568085410944417,0.558211058038223,0.494864529842342,15.914,10.870963963964,33.9666295991764
"17",68.6879167,350.527364782643,6.29695669098573,23744.1624927518,863.337154235752,0.028985308245756,0.655971302381496,0.667054219147387,0.62592,0.562081288829216,0.550775192963431,0.508542561936937,16.579,10.7395349099099,34.2517767702593
"18",68.9414667,381.382958769776,6.58058579895572,24147.5688554789,862.684091403773,0.0188947593744953,0.671698471940871,0.686531689559891,0.62789,0.57710415036199,0.569380406057311,0.535667471846847,18.461,11.8989087837838,34.4062972412108
"19",69.0247,374.410174631068,6.54365556329809,24033.1367193907,862.708148340892,0.0219572605477154,0.669769060931494,0.684142191201218,0.62682,0.573791975686302,0.565278410208458,0.541938564189189,18.811,11.7627567567568,34.4288505304587
"20",69.5054,334.803302742496,6.23867691578423,23458.3311507815,863.116415188991,0.0507384710548587,0.652073039072821,0.662226375970126,0.54347,0.552133781535299,0.538455603080207,0.449432269144144,17.482,10.6174673423424,34.4105200671378
"21",69.62595,326.621586039001,6.2190438992072,23288.1473221657,863.172225620814,0.0653231055715547,0.650619885756055,0.660426703713443,0.60542,0.547095598644882,0.532216015097741,0.471856373873874,17.242,10.3906891891892,34.4143438113982
"22",69.85355,308.288553356147,6.06322088507388,23016.9728071017,863.528664199445,0.0948740823301947,0.640538314293136,0.647941080719477,0.56858,0.537645524354371,0.520512476091915,0.454467820945946,15.771,9.65253603603606,34.2307030248745
"23",69.0541667,362.957969528148,6.42836074439731,23896.3244191686,862.826113051161,0.0250258171947499,0.664232153306175,0.677284952583565,0.64913,0.567607881146632,0.557619656484858,0.569176627252252,18.216,11.4611790540541,34.4472718634289
"24",69.0944167,363.364847890721,6.43208406204649,23896.4807734486,862.756173109125,0.0247513443461272,0.664502789448832,0.6776201246208,0.66544,0.568266277197493,0.558435053658007,0.578560298423423,18.371,11.57175,34.4071360901023
"25",69.2225833,366.623043932704,6.49382413567966,23912.2398786065,862.790248215101,0.0255435507321093,0.66694655548888,0.680646631110758,0.69672,0.570108866860811,0.560717027252439,0.588676365427928,18.164,11.6174268018018,34.3882789853676
"26",69.3168333,349.47135950636,6.34396648565268,23673.2174795338,862.939116369203,0.0348669376163849,0.658671777964314,0.670398650137684,0.6446,0.559896063916192,0.548068879317647,0.529404532657658,17.857,11.0558626126126,34.4375711904956
"27",69.4086833,342.130037841924,6.31623223694086,23530.7131688608,862.71053856274,0.0432753751934262,0.65709904104178,0.668450878368602,0.68858,0.556831871024965,0.544273998989578,0.583156058558559,18.206,10.854820945946,34.4180692770464
"28",69.4546167,354.475927300755,6.42391788303802,23717.1176238217,862.673471688805,0.0344515842995073,0.661087986183566,0.673391027368899,0.60876,0.563875356527675,0.552997074045264,0.501060743243243,18.712,11.1585641891892,34.3878157957366
"29",69.7060833,316.074059611161,6.11276057147317,23138.7356117835,863.282847274476,0.0774677719226928,0.644642983335798,0.653024549142053,0.57237,0.540813303112389,0.524435643372569,0.450910191441441,16.909,9.94287725225228,34.3988231695424
"30",69.7703167,326.898496856648,6.22521209298373,23281.464451465,863.077506830894,0.0655582093420759,0.6492821402499,0.658769959413891,0.62068,0.548399780525848,0.533831192190042,0.516450247747748,17.014,10.2059121621622,34.3279224389528
"31",69.9195333,296.508085336468,5.96539338514299,22822.6157504316,863.527370795719,0.121156831863348,0.636602860266115,0.643067178325173,0.55943,0.528930064092879,0.509718727176467,0.438329301801802,15.394,9.37185585585588,34.2544532436849
"32",69.9886667,271.334182659961,5.7291703499686,22449.3102747749,863.635940833556,0.182850081010757,0.623486038583804,0.626822519344498,0.56593,0.512495303546948,0.489364933630753,0.431892167792793,15.145,8.57942173423426,34.2178176229058
"33",70.1300333,229.684345946564,5.30899676030817,21857.7977324528,863.988354821053,0.299798633560131,0.597763048212389,0.594965624689116,0.52642,0.491269107396745,0.463077138746572,0.393102153716216,13.415,7.33709515765768,34.1250850747931
