"","Latitude","Biomass_C","Biomass_N","SOM_C","SOM_N","Available_N","CCaN_max","CCaN.MODIS_max","MODIS_max","CCaN_avg","CCaN.MODIS_avg","MODIS_avg","Tmax","Tavg","PARavg"
"2",65.434322,294.745048487471,6.24948907051069,12978.6294596595,365.31980841555,0.00256251394188896,0.534399755303879,0.516492720953642,0.64985,0.454258741104944,0.417241280508829,0.59340990990991,16.31,12.0561385135135,31.1469956858628
"3",66.11707914,293.541566661114,6.41416232642622,12570.9553282888,365.155580418084,0.00211725548937686,0.555338244642614,0.542424202460092,0.70861,0.470593041603393,0.437470658304138,0.607247162162162,19.352,14.5172150900901,30.295134913235
"4",67.25862109,286.572934575468,6.1074687355055,12765.468725141,365.461251559882,0.00313970461417013,0.532258475447221,0.513840831502365,0.66819,0.448562098665085,0.410186216712761,0.611972218468468,17.922,12.6773952702703,32.6284248612104
"5",68.323,285.987232149094,6.34467710511117,13267.8642340292,365.220537327416,0.00664556747166777,0.514809706226941,0.492231228773818,0.56894,0.430856185197696,0.388258151119939,0.451175036599099,13.753,9.82960135135137,33.6862929704424
"6",68.5164,289.140186454384,6.35704750084356,13232.6124072302,365.209028576489,0.00578392266849747,0.525338240569278,0.505270397415428,0.65888,0.436249185215515,0.394937165922006,0.517533192567568,15.334,10.7724448198198,33.8949560482411
"7",68.6138,258.757820007923,6.09200679697853,12714.3067799759,365.474278430668,0.0055747723499498,0.51825161341329,0.496493893147823,0.66837,0.420331935473184,0.375224288806119,0.553271807432432,15.634,10.4753164414415,34.0674758850884
"8",68.6312,252.537694617517,5.98256726309536,12554.725587822,365.584319492607,0.00497324429995778,0.516268606823209,0.494038018806271,0.67362,0.420259957376709,0.375135146812759,0.55255303490991,16.917,10.8145461711712,34.0657221826441
"9",68.6801,265.702303142362,6.15631792734305,12826.1813509325,365.409756094273,0.00578597838440618,0.52155512563407,0.50058516089277,0.61239,0.423566943504176,0.379230716852182,0.512582038288288,15.817,10.6821903153153,34.2313251182007
"10",68.17335,225.75736839489,5.9767803203329,12395.3785868282,365.587995545543,0.00708413412672594,0.491552258590732,0.463427810174278,0.60233,0.383267739974307,0.32932176524858,0.451315518018018,12.476,7.83975450450453,33.5461777447461
"11",68.77075,266.626358955516,5.94482446706578,12664.7757899834,365.621768090749,0.00526744218485201,0.525862886941171,0.505920150961163,0.62124,0.433081286949345,0.391013850635286,0.541444943693694,18.038,12.2904988738739,34.4425672335198
"12",68.83125,250.628668103319,5.78607392606045,12402.619609323,365.781167758272,0.00461831566814217,0.521082107550284,0.499999346916725,0.60611,0.42527547953937,0.381346670390328,0.503371216216216,19.071,12.1492308558559,34.4286604486042
"13",68.2694667,291.056196945337,6.46274312029146,13392.263549875,365.103237336465,0.00587954324791992,0.515332419298543,0.492878588004473,0.65183,0.43130512919938,0.388814150308264,0.505144307432432,12.624,9.50098761261263,33.6555169678081
"14",68.3997167,296.219385082025,6.42987988815269,13359.7942902015,365.13506733716,0.00691277468697636,0.525815732550077,0.505861752133968,0.59353,0.44079687011097,0.400569291757632,0.495409515765766,15.345,10.7594560810811,33.7330114634503
"15",68.4546167,276.585501655467,6.36633738288226,13117.3556291718,365.198704648457,0.00681796866232436,0.514043760622853,0.491282635780979,0.58938,0.42760252846277,0.384228627400002,0.479148316441441,14.795,9.63083558558561,33.8130335185711
"16",68.5742167,272.153091732474,6.13431469526953,12918.8977471862,365.432758979118,0.00478632561292844,0.522251717593273,0.501447862170565,0.60197,0.42760848391863,0.384236002993866,0.494864529842342,15.914,10.870963963964,33.9666295991764
"17",68.6879167,261.795699168303,6.06490484223535,12749.4160485034,365.501025864892,0.0059292928723837,0.519566874532508,0.49812279143353,0.62592,0.422725957768633,0.378189189658141,0.508542561936937,16.579,10.7395349099099,34.2517767702593
"18",68.9414667,246.223776920059,5.79755293289485,12341.2032093313,365.770428192645,0.00387887446020518,0.51963369368671,0.498205544283243,0.62789,0.421733971829647,0.376960654752145,0.535667471846847,18.461,11.8989087837838,34.4062972412108
"19",69.0247,242.96657123271,5.79568197144357,12292.8276697797,365.771125090469,0.00505293808555978,0.518628448903823,0.496960588829429,0.62682,0.419313022442393,0.373962405774006,0.541938564189189,18.811,11.7627567567568,34.4288505304587
"20",69.5054,240.065267382436,5.92165426696848,12347.0601307579,365.644068621535,0.00613711149714912,0.512970521922583,0.489953472580243,0.54347,0.409517417864663,0.36183094132867,0.449432269144144,17.482,10.6174673423424,34.4105200671378
"21",69.62595,236.427242224762,5.95876079165394,12271.5222914042,365.606465537782,0.00663367056321534,0.513348791028921,0.490421943737678,0.60542,0.406068550402152,0.357559656931049,0.471856373873874,17.242,10.3906891891892,34.4143438113982
"22",69.85355,243.239643793843,6.14512980399094,12451.6752232336,365.419079740199,0.0076504558136154,0.512411017873747,0.489260549195921,0.56858,0.405785195563221,0.357208733297226,0.454467820945946,15.771,9.65253603603606,34.2307030248745
"23",69.0541667,242.878537269483,5.80359768057676,12342.7578372772,365.763767161981,0.00449515744247299,0.516405959552453,0.494208124667331,0.64913,0.416478103282614,0.370451471791386,0.569176627252252,18.216,11.4611790540541,34.4472718634289
"24",69.0944167,239.515471349685,5.75466300970209,12275.4789617807,365.813238932351,0.00395805794544627,0.515256881310411,0.492785037227692,0.66544,0.415526743908122,0.369273251260453,0.578560298423423,18.371,11.57175,34.4071360901023
"25",69.2225833,242.26172149307,5.83089584923313,12297.0700033771,365.736427763716,0.00453638705063309,0.518304758061057,0.496559710668297,0.69672,0.417974221183611,0.372304353967055,0.588676365427928,18.164,11.6174268018018,34.3882789853676
"26",69.3168333,240.277722710952,5.83942385152029,12318.9224205866,365.727472603412,0.00496354506921843,0.51426210289498,0.491553043951317,0.6446,0.412011134917065,0.364919310149388,0.529404532657658,17.857,11.0558626126126,34.4375711904956
"27",69.4086833,225.019000280787,5.66375396688511,12053.4644695205,365.903675011608,0.00443102150785334,0.507559937622164,0.483252680347546,0.68858,0.403233044070935,0.35404799576009,0.583156058558559,18.206,10.854820945946,34.4180692770464
"28",69.4546167,229.39877516266,5.71100184520137,12088.4072158406,365.855715927695,0.00514222710225752,0.510219262647571,0.48654614801851,0.60876,0.409161773387597,0.361390489869603,0.501060743243243,18.712,11.1585641891892,34.3878157957366
"29",69.7060833,237.467665108658,5.97027664550604,12330.4434197975,365.595138149301,0.00644520519398232,0.510616219066446,0.48703776266503,0.57237,0.402849030372786,0.35357241015548,0.450910191441441,16.909,9.94287725225228,34.3988231695424
"30",69.7703167,232.875093535107,5.8986460710624,12215.2080939042,365.666808539586,0.00640538934905634,0.509336296358329,0.485452629587936,0.62068,0.404473716189093,0.355584518551544,0.516450247747748,17.014,10.2059121621622,34.3279224389528
"31",69.9195333,236.542909631988,6.09453443161747,12351.439920786,365.469576875731,0.00774869265144366,0.509854784801841,0.486094756785688,0.55943,0.397896595036533,0.347439017088944,0.438329301801802,15.394,9.37185585585588,34.2544532436849
"32",69.9886667,226.141095069339,6.05197565062429,12235.7869382026,365.511568041828,0.00831630755071585,0.501629334878517,0.475907866073648,0.56593,0.387369778057407,0.334401975332976,0.431892167792793,15.145,8.57942173423426,34.2178176229058
"33",70.1300333,216.248766127741,6.09255444228894,12191.0288501348,365.470238121428,0.00906743628618861,0.489527688049303,0.46092046054154,0.52642,0.378492849900516,0.323408254887792,0.393102153716216,13.415,7.33709515765768,34.1250850747931
