"","Latitude","Biomass_C","Biomass_N","SOM_C","SOM_N","Available_N","CCaN_max","CCaN.MODIS_max","MODIS_max","CCaN_avg","CCaN.MODIS_avg","MODIS_avg","Tmax","Tavg","PARavg"
"2",65.434322,308.058393496697,6.31279253456556,16974.4839805899,365.25681749364,0.00224997179478373,0.60866935918759,0.608472654579463,0.64985,0.518601702054243,0.496927463926097,0.59340990990991,16.31,12.0561385135135,31.1469956858628
"3",66.11707914,372.378370348292,7.78254020115646,18394.0732682021,363.788058587612,0.00126121123198079,0.653179234543904,0.663596354813243,0.70861,0.556642021573755,0.544038878038233,0.607247162162162,19.352,14.5172150900901,30.295134913235
"4",67.25862109,327.10893071723,6.60762297258452,17427.8392053604,364.962064014287,0.00217301312263515,0.617944524513182,0.619959575828596,0.66819,0.522794704542051,0.502120329787149,0.611972218468468,17.922,12.6773952702703,32.6284248612104
"5",68.323,216.335284187252,4.95777597254374,14762.7395247256,366.611161671343,0.00292235610936155,0.551399371625531,0.537546065783355,0.56894,0.457467901987357,0.421215697895263,0.451175036599099,13.753,9.82960135135137,33.6862929704424
"6",68.5164,238.13594722161,5.34700104089032,15298.7287232475,366.222789815081,0.00206914403022013,0.572622869876104,0.56383051942676,0.65888,0.471769152249343,0.438927224294721,0.517533192567568,15.334,10.7724448198198,33.8949560482411
"7",68.6138,217.22437942196,5.22797125085459,14672.7886078164,366.341698439368,0.00219030978173344,0.566724671258186,0.556525836366413,0.66837,0.457401523613875,0.42113349093484,0.553271807432432,15.634,10.4753164414415,34.0674758850884
"8",68.6312,228.729198638299,5.41018837020581,14951.1941717535,366.159645408832,0.00202622096089326,0.575384881169075,0.567251159932652,0.67362,0.466281130041096,0.432130528310696,0.55255303490991,16.917,10.8145461711712,34.0657221826441
"9",68.6801,224.456994925911,5.30464121553182,14879.5486790277,366.265183923768,0.00203486069781539,0.571643370802799,0.562617449004434,0.61239,0.461346869897011,0.426019644492652,0.512582038288288,15.817,10.6821903153153,34.2313251182007
"10",68.17335,137.763479473613,4.09946834327989,12610.5963706539,367.468003945804,0.00438771091487169,0.496437704272676,0.469478239233539,0.60233,0.384661673199931,0.331048095791186,0.451315518018018,12.476,7.83975450450453,33.5461777447461
"11",68.77075,283.719332310584,6.11037118186691,16425.4648305751,365.459859065112,0.00162975302526186,0.605042648864639,0.6039811189129,0.62124,0.498225012719787,0.471691749252947,0.541444943693694,18.038,12.2904988738739,34.4425672335198
"12",68.83125,274.702993362423,6.07596819357765,16170.1942302258,365.494408519964,0.00148328646438939,0.60424681027707,0.60299550465574,0.60611,0.493722970027516,0.466116149460278,0.503371216216216,19.071,12.1492308558559,34.4286604486042
"13",68.2694667,203.314638989637,4.78594166995865,14410.5741517722,366.782844360055,0.00307396998725677,0.540847089703514,0.524477486714214,0.65183,0.448216767230706,0.40975853754454,0.505144307432432,12.624,9.50098761261263,33.6555169678081
"14",68.3997167,239.601234496414,5.34661541513124,15350.7878458928,366.223019852213,0.00222473265075977,0.572165028620282,0.563263501345074,0.59353,0.474687914054177,0.442541994039536,0.495409515765766,15.345,10.7594560810811,33.7330114634503
"15",68.4546167,200.754506707648,4.88041974593771,14301.5844551606,366.688915817254,0.00252443681332179,0.545521785188972,0.530266910085135,0.58938,0.448475380752099,0.410078820046244,0.479148316441441,14.795,9.63083558558561,33.8130335185711
"16",68.5742167,235.351305375417,5.37260308516911,15189.5043930443,366.197122579698,0.00213433513117051,0.574924011345286,0.566680391090683,0.60197,0.468953305682266,0.435439910955259,0.494864529842342,15.914,10.870963963964,33.9666295991764
"17",68.6879167,228.011886584776,5.33663172019673,14972.648434748,366.233189920183,0.00203835961718849,0.57420495569633,0.565789869431676,0.62592,0.464234453146613,0.429595800843955,0.508542561936937,16.579,10.7395349099099,34.2517767702593
"18",68.9414667,264.104368418417,5.96887397138973,15870.3041870617,365.601501440349,0.00148458826075846,0.600124476737307,0.597890159460085,0.62789,0.487282673380373,0.458140099674657,0.535667471846847,18.461,11.8989087837838,34.4062972412108
"19",69.0247,257.556484686957,5.91962199343268,15685.946101839,365.650663439987,0.00157456658044573,0.597344317659501,0.594447043648586,0.62682,0.483438390023158,0.45337910850808,0.541938564189189,18.811,11.7627567567568,34.4288505304587
"20",69.5054,221.833768850213,5.46840020610301,14743.9061645449,366.101708074719,0.00175171917791993,0.571859752108087,0.562885428595781,0.54347,0.457064988150921,0.42071670522539,0.449432269144144,17.482,10.6174673423424,34.4105200671378
"21",69.62595,213.625807127608,5.43321398698913,14485.3006879778,366.136779746055,0.00186626695949522,0.569658959351145,0.560159834798019,0.60542,0.450652793343224,0.412775458443849,0.471856373873874,17.242,10.3906891891892,34.4143438113982
"22",69.85355,193.268218050598,5.0795909474078,13956.9954096636,366.489932113922,0.00233693867089132,0.55241430938541,0.538803025601455,0.56858,0.435053366998896,0.393456192893453,0.454467820945946,15.771,9.65253603603606,34.2307030248745
"23",69.0541667,247.112428398374,5.74671661624816,15440.0542677324,365.823570954641,0.00157242911090359,0.588717874578646,0.58376353895067,0.64913,0.476035294282727,0.444210670557386,0.569176627252252,18.216,11.4611790540541,34.4472718634289
"24",69.0944167,249.446750946818,5.78012135635115,15491.3514648483,365.790240842141,0.00149780150640111,0.590849022373235,0.586402880248357,0.66544,0.477591901655785,0.446138466524623,0.578560298423423,18.371,11.57175,34.4071360901023
"25",69.2225833,248.535373383885,5.83174123112881,15433.5539457078,365.738534210897,0.00158455797493549,0.592624830249546,0.588602147270853,0.69672,0.47819317118629,0.446883114787373,0.588676365427928,18.164,11.6174268018018,34.3882789853676
"26",69.3168333,233.497318194453,5.59271464710497,15053.1258928717,365.977435807726,0.00170954517171539,0.580135537620009,0.573134657920876,0.6446,0.465725388239158,0.431442264318667,0.529404532657658,17.857,11.0558626126126,34.4375711904956
"27",69.4086833,228.021663840562,5.55260125861482,14888.5572069703,366.017416298523,0.00184244286498736,0.579046359993424,0.571785754997456,0.68858,0.4621195829018,0.426976618640563,0.583156058558559,18.206,10.854820945946,34.4180692770464
"28",69.4546167,242.730733303373,5.78213607079379,15280.1500468513,365.788063573352,0.0016603558557762,0.587272963849536,0.581974074809096,0.60876,0.472970349935169,0.44041485958071,0.501060743243243,18.712,11.1585641891892,34.3878157957366
"29",69.7060833,205.459556444246,5.21462838881493,14286.9054719804,366.35520368966,0.00202792152501634,0.561972448181494,0.550640398174853,0.57237,0.441744237081581,0.401742567856055,0.450910191441441,16.909,9.94287725225228,34.3988231695424
"30",69.7703167,212.040594961214,5.35096195973057,14444.6641426134,366.218813497998,0.00208454227349273,0.567133675820808,0.557032372157038,0.62068,0.450130253885448,0.412128314226971,0.516450247747748,17.014,10.2059121621622,34.3279224389528
"31",69.9195333,185.087594270661,4.96149945291568,13727.2312580758,366.607878637348,0.00248190973853217,0.548622871275746,0.53410748116016,0.55943,0.424742010339546,0.380685990125114,0.438329301801802,15.394,9.37185585585588,34.2544532436849
"32",69.9886667,164.271905629384,4.6708317839831,13188.5155019774,366.898189399042,0.00283881697729842,0.529939448410595,0.510968809278585,0.56593,0.405530189717749,0.356892918757843,0.431892167792793,15.145,8.57942173423426,34.2178176229058
"33",70.1300333,130.510764533232,4.15657837429673,12343.7062062232,367.411580364357,0.00370126134241342,0.493491551690082,0.465829547106099,0.52642,0.375463658408196,0.319656722392215,0.393102153716216,13.415,7.33709515765768,34.1250850747931
