"","Latitude","Biomass_C","Biomass_N","SOM_C","SOM_N","Available_N","CCaN_max","MODIS_max","CCaN_avg","MODIS_avg","Tmax","Tavg","PARavg"
"1",65.434322,802.964287152713,13.7078897057112,37033.5950860561,786.441339051665,0.141775841849489,0.727765975113234,0.64985,0.663687760172947,0.599074814356436,16.31,12.1771608910891,30.8259352998045
"2",66.11707914,875.076652206493,15.129869559105,37306.7806863608,785.657852465505,0.166486084561307,0.743410446935893,0.70861,0.676620355607749,0.616084783415842,19.352,14.7029603960396,29.9546151792799
"3",67.25862109,832.811523275243,13.9736200723947,37651.7032524342,785.605602783428,0.129373020872274,0.731246525689285,0.66819,0.665742272188635,0.622353285891089,17.922,13.0113081683169,32.2792999420957
"4",68.323,672.188473136129,11.6486014047461,35031.1962916191,788.78079404403,0.206148935925257,0.701041011648564,0.56894,0.630051765611266,0.465699684405941,13.753,10.1469566831683,33.3609779884289
"5",68.5164,666.703462414284,11.9068127350229,34387.0277246628,788.505632649858,0.278679693519842,0.704618578327325,0.65888,0.630577847740758,0.538228867574257,15.334,11.2355334158416,33.5786346391563
"6",68.6138,613.919339194468,11.4978667836577,32734.5212969158,787.674771533426,0.417964882391435,0.699659843486798,0.66837,0.620958078220885,0.576048440594059,15.634,11.1008737623763,33.7636546825807
"7",68.6312,634.761542446568,11.7454650739516,33169.9193176037,786.953789132084,0.405329170818555,0.7030426724476,0.67362,0.626857262002569,0.57702734529703,16.917,11.5374034653466,33.7614949946852
"8",68.6801,621.550121530175,11.5895835171787,32946.4357058262,787.825753266595,0.41109963676135,0.70088178828818,0.61239,0.621466858465719,0.529393873762376,15.817,11.2919368811881,33.9426641853101
"9",68.17335,513.803241926024,10.1492628560205,30745.9121935471,788.47419461029,0.488647043669467,0.680058591557905,0.60233,0.584187079069403,0.468725501237624,12.476,8.30441460396042,33.2146275718608
"10",68.77075,701.379764054222,12.5535544427348,34613.4182197363,786.083117374076,0.331737169162014,0.712975409957707,0.62124,0.639803400337167,0.555170928217822,18.038,12.8626646039604,34.1654201780033
"11",68.83125,675.97533013433,12.3180278774442,33904.5462597425,785.626224373427,0.390933866358305,0.710214242817017,0.60611,0.635091057562549,0.526630123762376,19.071,12.8173849009901,34.1494778651327
"12",68.2694667,654.464703651785,11.4534252029394,34645.5142030341,789.391303489366,0.23023600703393,0.698290737831496,0.65183,0.627372632977956,0.523962153465347,12.624,9.83484777227725,33.3258754418398
"13",68.3997167,688.619399235253,12.0077392624329,35076.6097337268,788.751181323432,0.225536018154198,0.705965425394218,0.59353,0.634996936732262,0.50701166460396,15.345,11.2389814356436,33.411633840442
"14",68.4546167,636.341996249963,11.3340631061396,33943.1319252382,789.087775062206,0.281794324381362,0.696684547497093,0.58938,0.624923080071267,0.498028873762376,14.795,10.2305284653466,33.4941358887466
"15",68.5742167,647.741822734339,11.8745945146795,33665.8508640848,787.568982481542,0.343627148668383,0.704553894796969,0.60197,0.626565566064059,0.511419913366337,15.914,11.2603477722773,33.6572732899073
"16",68.6879167,629.031458969797,11.6532089591617,33135.1883042045,787.444390948352,0.39093248608436,0.701792474893604,0.62592,0.623449821554556,0.528002283415842,16.579,11.3623725247525,33.9647256680319
"17",68.9414667,659.572454831416,12.1517652796357,33476.6166107291,785.784740224559,0.424835096882063,0.708304928698523,0.62789,0.632208345713105,0.554624028465347,18.461,12.731344059406,34.1203121461896
"18",69.0247,650.133514164247,12.0610677617253,33212.1925310239,785.822927170135,0.448244344797116,0.707162039738202,0.62682,0.630119033693725,0.564655006188119,18.811,12.5740445544555,34.1369928321967
"19",69.5054,606.28072356223,11.4316851658456,32322.3942260193,786.774937021961,0.517941850464331,0.69850483035267,0.54347,0.620479039337709,0.469779461633663,17.482,11.6930396039604,34.0951818931494
"20",69.62595,597.758110274062,11.3864139784866,32000.5869486452,786.946178748004,0.542700767150073,0.698221670679782,0.60542,0.618702013569402,0.500660037128713,17.242,11.5431336633664,34.0895718180789
"21",69.85355,581.169106775346,11.1250759851039,31781.7498654008,787.891420774225,0.542417051232185,0.694636140464282,0.56858,0.615304362241344,0.480317419554455,15.771,10.697422029703,33.9051982167684
"22",69.0541667,634.357092925736,11.8335046933494,32938.1793641406,786.053085858234,0.462672657936128,0.703963628587309,0.64913,0.626041108654014,0.585751881188119,18.216,12.3146064356436,34.1529209736428
"23",69.0944167,636.056825447084,11.8358904583114,32952.7609788124,785.852846132873,0.463037239588849,0.704035051345284,0.66544,0.627123344533657,0.59970379950495,18.371,12.4263910891089,34.1117733208382
"24",69.2225833,641.059472825133,11.9426318172718,32978.011706478,786.024114559298,0.47197333924708,0.705619997924498,0.69672,0.628574267814079,0.616559591584158,18.164,12.5079455445545,34.0875136117733
"25",69.3168333,620.908871228672,11.6513734148716,32612.3622965755,786.325323575847,0.486776167216286,0.701604398441844,0.6446,0.623680503163346,0.562556899752475,17.857,12.0062698019802,34.1286906493561
"26",69.4086833,611.218359245437,11.5787330185206,32323.3424947305,785.632733098063,0.515739820927237,0.700908511589141,0.68858,0.621831944306624,0.608006379950495,18.206,11.8247413366337,34.1063298671161
"27",69.4546167,631.728494663799,11.7896594508331,32823.964569089,785.633786877947,0.48730971691198,0.703436300073602,0.60876,0.626435711356629,0.527482258663366,18.712,12.1431559405941,34.076118937053
"28",69.7060833,585.899520227957,11.2050872000763,31861.2115475033,787.180145048211,0.539012914160529,0.69585150718273,0.57237,0.616191581869719,0.483095544554455,16.909,11.0224752475248,34.0672018189523
"29",69.7703167,602.46397476645,11.4125036988512,32193.1159471732,786.679949545462,0.520509460168664,0.698618511000469,0.62068,0.620226039887333,0.539513483910891,17.014,11.3306683168317,33.9975850783942
"30",69.9195333,563.901543831883,10.9466536995833,31327.0188775134,787.816429438708,0.579479873306777,0.692449619879886,0.55943,0.611325807352605,0.466471899752475,15.394,10.4717797029703,33.9218539762118
"31",69.9886667,537.120113377742,10.5584492359121,30792.9380199468,787.984921697279,0.603309940702653,0.686706810492006,0.56593,0.604531601326378,0.459733007425743,15.145,9.67775866336636,33.8838944855121
"32",70.1300333,496.488545478023,9.9016962300535,30116.7703917263,788.782957107222,0.608111375521307,0.676157121996543,0.52642,0.593931930199824,0.425597076113861,13.415,8.36363923267329,33.797215120608
